631 775
72 72 1

1 1 0 144 INV
2 1 0 144 145 AND
2 1 0 72 146 AND
2 1 1 73 147 XOR
2 1 2 74 148 XOR
1 1 147 149 INV
1 1 148 150 INV
2 1 149 150 151 AND
1 1 151 152 INV
2 1 146 152 153 AND
2 1 3 75 154 AND
2 1 4 76 155 XOR
2 1 5 77 156 XOR
1 1 155 157 INV
1 1 156 158 INV
2 1 157 158 159 AND
1 1 159 160 INV
2 1 154 160 161 AND
2 1 6 78 162 AND
2 1 7 79 163 XOR
2 1 8 80 164 XOR
1 1 163 165 INV
1 1 164 166 INV
2 1 165 166 167 AND
1 1 167 168 INV
2 1 162 168 169 AND
2 1 9 81 170 AND
2 1 10 82 171 XOR
2 1 11 83 172 XOR
1 1 171 173 INV
1 1 172 174 INV
2 1 173 174 175 AND
1 1 175 176 INV
2 1 170 176 177 AND
2 1 12 84 178 AND
2 1 13 85 179 XOR
2 1 14 86 180 XOR
1 1 179 181 INV
1 1 180 182 INV
2 1 181 182 183 AND
1 1 183 184 INV
2 1 178 184 185 AND
2 1 15 87 186 AND
2 1 16 88 187 XOR
2 1 17 89 188 XOR
1 1 187 189 INV
1 1 188 190 INV
2 1 189 190 191 AND
1 1 191 192 INV
2 1 186 192 193 AND
2 1 18 90 194 AND
2 1 19 91 195 XOR
2 1 20 92 196 XOR
1 1 195 197 INV
1 1 196 198 INV
2 1 197 198 199 AND
1 1 199 200 INV
2 1 194 200 201 AND
2 1 21 93 202 AND
2 1 22 94 203 XOR
2 1 23 95 204 XOR
1 1 203 205 INV
1 1 204 206 INV
2 1 205 206 207 AND
1 1 207 208 INV
2 1 202 208 209 AND
2 1 24 96 210 AND
2 1 25 97 211 XOR
2 1 26 98 212 XOR
1 1 211 213 INV
1 1 212 214 INV
2 1 213 214 215 AND
1 1 215 216 INV
2 1 210 216 217 AND
2 1 27 99 218 AND
2 1 28 100 219 XOR
2 1 29 101 220 XOR
1 1 219 221 INV
1 1 220 222 INV
2 1 221 222 223 AND
1 1 223 224 INV
2 1 218 224 225 AND
2 1 30 102 226 AND
2 1 31 103 227 XOR
2 1 32 104 228 XOR
1 1 227 229 INV
1 1 228 230 INV
2 1 229 230 231 AND
1 1 231 232 INV
2 1 226 232 233 AND
2 1 33 105 234 AND
2 1 34 106 235 XOR
2 1 35 107 236 XOR
1 1 235 237 INV
1 1 236 238 INV
2 1 237 238 239 AND
1 1 239 240 INV
2 1 234 240 241 AND
2 1 36 108 242 AND
2 1 37 109 243 XOR
2 1 38 110 244 XOR
1 1 243 245 INV
1 1 244 246 INV
2 1 245 246 247 AND
1 1 247 248 INV
2 1 242 248 249 AND
2 1 39 111 250 AND
2 1 40 112 251 XOR
2 1 41 113 252 XOR
1 1 251 253 INV
1 1 252 254 INV
2 1 253 254 255 AND
1 1 255 256 INV
2 1 250 256 257 AND
2 1 42 114 258 AND
2 1 43 115 259 XOR
2 1 44 116 260 XOR
1 1 259 261 INV
1 1 260 262 INV
2 1 261 262 263 AND
1 1 263 264 INV
2 1 258 264 265 AND
2 1 45 117 266 AND
2 1 46 118 267 XOR
2 1 47 119 268 XOR
1 1 267 269 INV
1 1 268 270 INV
2 1 269 270 271 AND
1 1 271 272 INV
2 1 266 272 273 AND
2 1 48 120 274 AND
2 1 49 121 275 XOR
2 1 50 122 276 XOR
1 1 275 277 INV
1 1 276 278 INV
2 1 277 278 279 AND
1 1 279 280 INV
2 1 274 280 281 AND
2 1 51 123 282 AND
2 1 52 124 283 XOR
2 1 53 125 284 XOR
1 1 283 285 INV
1 1 284 286 INV
2 1 285 286 287 AND
1 1 287 288 INV
2 1 282 288 289 AND
2 1 54 126 290 AND
2 1 55 127 291 XOR
2 1 56 128 292 XOR
1 1 291 293 INV
1 1 292 294 INV
2 1 293 294 295 AND
1 1 295 296 INV
2 1 290 296 297 AND
2 1 57 129 298 AND
2 1 58 130 299 XOR
2 1 59 131 300 XOR
1 1 299 301 INV
1 1 300 302 INV
2 1 301 302 303 AND
1 1 303 304 INV
2 1 298 304 305 AND
2 1 60 132 306 AND
2 1 61 133 307 XOR
2 1 62 134 308 XOR
1 1 307 309 INV
1 1 308 310 INV
2 1 309 310 311 AND
1 1 311 312 INV
2 1 306 312 313 AND
2 1 63 135 314 AND
2 1 64 136 315 XOR
2 1 65 137 316 XOR
1 1 315 317 INV
1 1 316 318 INV
2 1 317 318 319 AND
1 1 319 320 INV
2 1 314 320 321 AND
2 1 66 138 322 AND
2 1 67 139 323 XOR
2 1 68 140 324 XOR
1 1 323 325 INV
1 1 324 326 INV
2 1 325 326 327 AND
1 1 327 328 INV
2 1 322 328 329 AND
2 1 69 141 330 AND
2 1 70 142 331 XOR
2 1 71 143 332 XOR
1 1 331 333 INV
1 1 332 334 INV
2 1 333 334 335 AND
1 1 335 336 INV
2 1 330 336 337 AND
2 1 145 145 338 AND
2 1 145 145 339 XOR
2 1 145 145 340 XOR
1 1 339 341 INV
1 1 340 342 INV
2 1 341 342 343 AND
1 1 343 344 INV
2 1 338 344 345 AND
2 1 145 145 346 AND
2 1 145 145 347 XOR
2 1 145 145 348 XOR
1 1 347 349 INV
1 1 348 350 INV
2 1 349 350 351 AND
1 1 351 352 INV
2 1 346 352 353 AND
2 1 145 145 354 AND
2 1 145 145 355 XOR
2 1 145 145 356 XOR
1 1 355 357 INV
1 1 356 358 INV
2 1 357 358 359 AND
1 1 359 360 INV
2 1 354 360 361 AND
2 1 145 145 362 AND
2 1 145 145 363 XOR
2 1 145 145 364 XOR
1 1 363 365 INV
1 1 364 366 INV
2 1 365 366 367 AND
1 1 367 368 INV
2 1 362 368 369 AND
2 1 145 145 370 AND
2 1 145 145 371 XOR
2 1 145 145 372 XOR
1 1 371 373 INV
1 1 372 374 INV
2 1 373 374 375 AND
1 1 375 376 INV
2 1 370 376 377 AND
2 1 145 145 378 AND
2 1 145 145 379 XOR
2 1 145 145 380 XOR
1 1 379 381 INV
1 1 380 382 INV
2 1 381 382 383 AND
1 1 383 384 INV
2 1 378 384 385 AND
2 1 145 145 386 AND
2 1 145 145 387 XOR
2 1 145 145 388 XOR
1 1 387 389 INV
1 1 388 390 INV
2 1 389 390 391 AND
1 1 391 392 INV
2 1 386 392 393 AND
2 1 145 145 394 AND
2 1 145 145 395 XOR
2 1 145 145 396 XOR
1 1 395 397 INV
1 1 396 398 INV
2 1 397 398 399 AND
1 1 399 400 INV
2 1 394 400 401 AND
2 1 153 161 402 AND
2 1 153 161 403 XOR
2 1 169 177 404 AND
2 1 169 177 405 XOR
2 1 185 193 406 AND
2 1 185 193 407 XOR
2 1 201 209 408 AND
2 1 201 209 409 XOR
2 1 217 225 410 AND
2 1 217 225 411 XOR
2 1 233 241 412 AND
2 1 233 241 413 XOR
2 1 249 257 414 AND
2 1 249 257 415 XOR
2 1 265 273 416 AND
2 1 265 273 417 XOR
2 1 281 289 418 AND
2 1 281 289 419 XOR
2 1 297 305 420 AND
2 1 297 305 421 XOR
2 1 313 321 422 AND
2 1 313 321 423 XOR
2 1 329 337 424 AND
2 1 329 337 425 XOR
2 1 345 353 426 AND
2 1 345 353 427 XOR
2 1 361 369 428 AND
2 1 361 369 429 XOR
2 1 377 385 430 AND
2 1 377 385 431 XOR
2 1 393 401 432 AND
2 1 393 401 433 XOR
2 1 403 405 434 XOR
2 1 403 405 435 AND
1 1 435 436 INV
2 1 145 434 437 AND
1 1 437 438 INV
2 1 436 438 439 AND
1 1 439 440 INV
2 1 145 434 441 XOR
2 1 402 404 442 XOR
2 1 402 404 443 AND
1 1 443 444 INV
2 1 440 442 445 AND
1 1 445 446 INV
2 1 444 446 447 AND
1 1 447 448 INV
2 1 440 442 449 XOR
2 1 407 409 450 XOR
2 1 407 409 451 AND
1 1 451 452 INV
2 1 145 450 453 AND
1 1 453 454 INV
2 1 452 454 455 AND
1 1 455 456 INV
2 1 145 450 457 XOR
2 1 406 408 458 XOR
2 1 406 408 459 AND
1 1 459 460 INV
2 1 456 458 461 AND
1 1 461 462 INV
2 1 460 462 463 AND
1 1 463 464 INV
2 1 456 458 465 XOR
2 1 411 413 466 XOR
2 1 411 413 467 AND
1 1 467 468 INV
2 1 145 466 469 AND
1 1 469 470 INV
2 1 468 470 471 AND
1 1 471 472 INV
2 1 145 466 473 XOR
2 1 410 412 474 XOR
2 1 410 412 475 AND
1 1 475 476 INV
2 1 472 474 477 AND
1 1 477 478 INV
2 1 476 478 479 AND
1 1 479 480 INV
2 1 472 474 481 XOR
2 1 415 417 482 XOR
2 1 415 417 483 AND
1 1 483 484 INV
2 1 145 482 485 AND
1 1 485 486 INV
2 1 484 486 487 AND
1 1 487 488 INV
2 1 145 482 489 XOR
2 1 414 416 490 XOR
2 1 414 416 491 AND
1 1 491 492 INV
2 1 488 490 493 AND
1 1 493 494 INV
2 1 492 494 495 AND
1 1 495 496 INV
2 1 488 490 497 XOR
2 1 419 421 498 XOR
2 1 419 421 499 AND
1 1 499 500 INV
2 1 145 498 501 AND
1 1 501 502 INV
2 1 500 502 503 AND
1 1 503 504 INV
2 1 145 498 505 XOR
2 1 418 420 506 XOR
2 1 418 420 507 AND
1 1 507 508 INV
2 1 504 506 509 AND
1 1 509 510 INV
2 1 508 510 511 AND
1 1 511 512 INV
2 1 504 506 513 XOR
2 1 423 425 514 XOR
2 1 423 425 515 AND
1 1 515 516 INV
2 1 145 514 517 AND
1 1 517 518 INV
2 1 516 518 519 AND
1 1 519 520 INV
2 1 145 514 521 XOR
2 1 422 424 522 XOR
2 1 422 424 523 AND
1 1 523 524 INV
2 1 520 522 525 AND
1 1 525 526 INV
2 1 524 526 527 AND
1 1 527 528 INV
2 1 520 522 529 XOR
2 1 427 429 530 XOR
2 1 427 429 531 AND
1 1 531 532 INV
2 1 145 530 533 AND
1 1 533 534 INV
2 1 532 534 535 AND
1 1 535 536 INV
2 1 145 530 537 XOR
2 1 426 428 538 XOR
2 1 426 428 539 AND
1 1 539 540 INV
2 1 536 538 541 AND
1 1 541 542 INV
2 1 540 542 543 AND
1 1 543 544 INV
2 1 536 538 545 XOR
2 1 431 433 546 XOR
2 1 431 433 547 AND
1 1 547 548 INV
2 1 145 546 549 AND
1 1 549 550 INV
2 1 548 550 551 AND
1 1 551 552 INV
2 1 145 546 553 XOR
2 1 430 432 554 XOR
2 1 430 432 555 AND
1 1 555 556 INV
2 1 552 554 557 AND
1 1 557 558 INV
2 1 556 558 559 AND
1 1 559 560 INV
2 1 552 554 561 XOR
2 1 441 457 562 XOR
2 1 441 457 563 AND
1 1 563 564 INV
2 1 145 562 565 AND
1 1 565 566 INV
2 1 564 566 567 AND
1 1 567 568 INV
2 1 145 562 569 XOR
2 1 449 465 570 XOR
2 1 449 465 571 AND
1 1 571 572 INV
2 1 568 570 573 AND
1 1 573 574 INV
2 1 572 574 575 AND
1 1 575 576 INV
2 1 568 570 577 XOR
2 1 448 464 578 XOR
2 1 448 464 579 AND
1 1 579 580 INV
2 1 576 578 581 AND
1 1 581 582 INV
2 1 580 582 583 AND
1 1 583 584 INV
2 1 576 578 585 XOR
2 1 473 489 586 XOR
2 1 473 489 587 AND
1 1 587 588 INV
2 1 145 586 589 AND
1 1 589 590 INV
2 1 588 590 591 AND
1 1 591 592 INV
2 1 145 586 593 XOR
2 1 481 497 594 XOR
2 1 481 497 595 AND
1 1 595 596 INV
2 1 592 594 597 AND
1 1 597 598 INV
2 1 596 598 599 AND
1 1 599 600 INV
2 1 592 594 601 XOR
2 1 480 496 602 XOR
2 1 480 496 603 AND
1 1 603 604 INV
2 1 600 602 605 AND
1 1 605 606 INV
2 1 604 606 607 AND
1 1 607 608 INV
2 1 600 602 609 XOR
2 1 505 521 610 XOR
2 1 505 521 611 AND
1 1 611 612 INV
2 1 145 610 613 AND
1 1 613 614 INV
2 1 612 614 615 AND
1 1 615 616 INV
2 1 145 610 617 XOR
2 1 513 529 618 XOR
2 1 513 529 619 AND
1 1 619 620 INV
2 1 616 618 621 AND
1 1 621 622 INV
2 1 620 622 623 AND
1 1 623 624 INV
2 1 616 618 625 XOR
2 1 512 528 626 XOR
2 1 512 528 627 AND
1 1 627 628 INV
2 1 624 626 629 AND
1 1 629 630 INV
2 1 628 630 631 AND
1 1 631 632 INV
2 1 624 626 633 XOR
2 1 537 553 634 XOR
2 1 537 553 635 AND
1 1 635 636 INV
2 1 145 634 637 AND
1 1 637 638 INV
2 1 636 638 639 AND
1 1 639 640 INV
2 1 145 634 641 XOR
2 1 545 561 642 XOR
2 1 545 561 643 AND
1 1 643 644 INV
2 1 640 642 645 AND
1 1 645 646 INV
2 1 644 646 647 AND
1 1 647 648 INV
2 1 640 642 649 XOR
2 1 544 560 650 XOR
2 1 544 560 651 AND
1 1 651 652 INV
2 1 648 650 653 AND
1 1 653 654 INV
2 1 652 654 655 AND
1 1 655 656 INV
2 1 648 650 657 XOR
2 1 569 593 658 XOR
2 1 569 593 659 AND
1 1 659 660 INV
2 1 145 658 661 AND
1 1 661 662 INV
2 1 660 662 663 AND
1 1 663 664 INV
2 1 145 658 665 XOR
2 1 577 601 666 XOR
2 1 577 601 667 AND
1 1 667 668 INV
2 1 664 666 669 AND
1 1 669 670 INV
2 1 668 670 671 AND
1 1 671 672 INV
2 1 664 666 673 XOR
2 1 585 609 674 XOR
2 1 585 609 675 AND
1 1 675 676 INV
2 1 672 674 677 AND
1 1 677 678 INV
2 1 676 678 679 AND
1 1 679 680 INV
2 1 672 674 681 XOR
2 1 584 608 682 XOR
2 1 584 608 683 AND
1 1 683 684 INV
2 1 680 682 685 AND
1 1 685 686 INV
2 1 684 686 687 AND
1 1 687 688 INV
2 1 680 682 689 XOR
2 1 617 641 690 XOR
2 1 617 641 691 AND
1 1 691 692 INV
2 1 145 690 693 AND
1 1 693 694 INV
2 1 692 694 695 AND
1 1 695 696 INV
2 1 145 690 697 XOR
2 1 625 649 698 XOR
2 1 625 649 699 AND
1 1 699 700 INV
2 1 696 698 701 AND
1 1 701 702 INV
2 1 700 702 703 AND
1 1 703 704 INV
2 1 696 698 705 XOR
2 1 633 657 706 XOR
2 1 633 657 707 AND
1 1 707 708 INV
2 1 704 706 709 AND
1 1 709 710 INV
2 1 708 710 711 AND
1 1 711 712 INV
2 1 704 706 713 XOR
2 1 632 656 714 XOR
2 1 632 656 715 AND
1 1 715 716 INV
2 1 712 714 717 AND
1 1 717 718 INV
2 1 716 718 719 AND
1 1 719 720 INV
2 1 712 714 721 XOR
2 1 665 697 722 XOR
2 1 665 697 723 AND
1 1 723 724 INV
2 1 145 722 725 AND
1 1 725 726 INV
2 1 724 726 727 AND
1 1 727 728 INV
2 1 145 722 729 XOR
2 1 673 705 730 XOR
2 1 673 705 731 AND
1 1 731 732 INV
2 1 728 730 733 AND
1 1 733 734 INV
2 1 732 734 735 AND
1 1 735 736 INV
2 1 728 730 737 XOR
2 1 681 713 738 XOR
2 1 681 713 739 AND
1 1 739 740 INV
2 1 736 738 741 AND
1 1 741 742 INV
2 1 740 742 743 AND
1 1 743 744 INV
2 1 736 738 745 XOR
2 1 689 721 746 XOR
2 1 689 721 747 AND
1 1 747 748 INV
2 1 744 746 749 AND
1 1 749 750 INV
2 1 748 750 751 AND
1 1 751 752 INV
2 1 744 746 753 XOR
2 1 688 720 754 XOR
2 1 688 720 755 AND
1 1 755 756 INV
2 1 752 754 757 AND
1 1 757 758 INV
2 1 756 758 759 AND
1 1 759 760 INV
2 1 752 754 761 XOR
1 1 760 762 INV
1 1 761 763 INV
1 1 753 764 INV
1 1 745 765 INV
1 1 737 766 INV
1 1 729 767 INV
2 1 762 763 768 AND
2 1 764 765 769 AND
2 1 766 767 770 AND
2 1 768 769 771 AND
2 1 770 771 772 AND
1 1 772 773 INV
1 1 773 774 INV