2635 3163
264 264 1

1 1 0 528 INV
2 1 0 528 529 AND
2 1 0 264 530 AND
2 1 1 265 531 XOR
2 1 2 266 532 XOR
1 1 531 533 INV
1 1 532 534 INV
2 1 533 534 535 AND
1 1 535 536 INV
2 1 530 536 537 AND
2 1 3 267 538 AND
2 1 4 268 539 XOR
2 1 5 269 540 XOR
1 1 539 541 INV
1 1 540 542 INV
2 1 541 542 543 AND
1 1 543 544 INV
2 1 538 544 545 AND
2 1 6 270 546 AND
2 1 7 271 547 XOR
2 1 8 272 548 XOR
1 1 547 549 INV
1 1 548 550 INV
2 1 549 550 551 AND
1 1 551 552 INV
2 1 546 552 553 AND
2 1 9 273 554 AND
2 1 10 274 555 XOR
2 1 11 275 556 XOR
1 1 555 557 INV
1 1 556 558 INV
2 1 557 558 559 AND
1 1 559 560 INV
2 1 554 560 561 AND
2 1 12 276 562 AND
2 1 13 277 563 XOR
2 1 14 278 564 XOR
1 1 563 565 INV
1 1 564 566 INV
2 1 565 566 567 AND
1 1 567 568 INV
2 1 562 568 569 AND
2 1 15 279 570 AND
2 1 16 280 571 XOR
2 1 17 281 572 XOR
1 1 571 573 INV
1 1 572 574 INV
2 1 573 574 575 AND
1 1 575 576 INV
2 1 570 576 577 AND
2 1 18 282 578 AND
2 1 19 283 579 XOR
2 1 20 284 580 XOR
1 1 579 581 INV
1 1 580 582 INV
2 1 581 582 583 AND
1 1 583 584 INV
2 1 578 584 585 AND
2 1 21 285 586 AND
2 1 22 286 587 XOR
2 1 23 287 588 XOR
1 1 587 589 INV
1 1 588 590 INV
2 1 589 590 591 AND
1 1 591 592 INV
2 1 586 592 593 AND
2 1 24 288 594 AND
2 1 25 289 595 XOR
2 1 26 290 596 XOR
1 1 595 597 INV
1 1 596 598 INV
2 1 597 598 599 AND
1 1 599 600 INV
2 1 594 600 601 AND
2 1 27 291 602 AND
2 1 28 292 603 XOR
2 1 29 293 604 XOR
1 1 603 605 INV
1 1 604 606 INV
2 1 605 606 607 AND
1 1 607 608 INV
2 1 602 608 609 AND
2 1 30 294 610 AND
2 1 31 295 611 XOR
2 1 32 296 612 XOR
1 1 611 613 INV
1 1 612 614 INV
2 1 613 614 615 AND
1 1 615 616 INV
2 1 610 616 617 AND
2 1 33 297 618 AND
2 1 34 298 619 XOR
2 1 35 299 620 XOR
1 1 619 621 INV
1 1 620 622 INV
2 1 621 622 623 AND
1 1 623 624 INV
2 1 618 624 625 AND
2 1 36 300 626 AND
2 1 37 301 627 XOR
2 1 38 302 628 XOR
1 1 627 629 INV
1 1 628 630 INV
2 1 629 630 631 AND
1 1 631 632 INV
2 1 626 632 633 AND
2 1 39 303 634 AND
2 1 40 304 635 XOR
2 1 41 305 636 XOR
1 1 635 637 INV
1 1 636 638 INV
2 1 637 638 639 AND
1 1 639 640 INV
2 1 634 640 641 AND
2 1 42 306 642 AND
2 1 43 307 643 XOR
2 1 44 308 644 XOR
1 1 643 645 INV
1 1 644 646 INV
2 1 645 646 647 AND
1 1 647 648 INV
2 1 642 648 649 AND
2 1 45 309 650 AND
2 1 46 310 651 XOR
2 1 47 311 652 XOR
1 1 651 653 INV
1 1 652 654 INV
2 1 653 654 655 AND
1 1 655 656 INV
2 1 650 656 657 AND
2 1 48 312 658 AND
2 1 49 313 659 XOR
2 1 50 314 660 XOR
1 1 659 661 INV
1 1 660 662 INV
2 1 661 662 663 AND
1 1 663 664 INV
2 1 658 664 665 AND
2 1 51 315 666 AND
2 1 52 316 667 XOR
2 1 53 317 668 XOR
1 1 667 669 INV
1 1 668 670 INV
2 1 669 670 671 AND
1 1 671 672 INV
2 1 666 672 673 AND
2 1 54 318 674 AND
2 1 55 319 675 XOR
2 1 56 320 676 XOR
1 1 675 677 INV
1 1 676 678 INV
2 1 677 678 679 AND
1 1 679 680 INV
2 1 674 680 681 AND
2 1 57 321 682 AND
2 1 58 322 683 XOR
2 1 59 323 684 XOR
1 1 683 685 INV
1 1 684 686 INV
2 1 685 686 687 AND
1 1 687 688 INV
2 1 682 688 689 AND
2 1 60 324 690 AND
2 1 61 325 691 XOR
2 1 62 326 692 XOR
1 1 691 693 INV
1 1 692 694 INV
2 1 693 694 695 AND
1 1 695 696 INV
2 1 690 696 697 AND
2 1 63 327 698 AND
2 1 64 328 699 XOR
2 1 65 329 700 XOR
1 1 699 701 INV
1 1 700 702 INV
2 1 701 702 703 AND
1 1 703 704 INV
2 1 698 704 705 AND
2 1 66 330 706 AND
2 1 67 331 707 XOR
2 1 68 332 708 XOR
1 1 707 709 INV
1 1 708 710 INV
2 1 709 710 711 AND
1 1 711 712 INV
2 1 706 712 713 AND
2 1 69 333 714 AND
2 1 70 334 715 XOR
2 1 71 335 716 XOR
1 1 715 717 INV
1 1 716 718 INV
2 1 717 718 719 AND
1 1 719 720 INV
2 1 714 720 721 AND
2 1 72 336 722 AND
2 1 73 337 723 XOR
2 1 74 338 724 XOR
1 1 723 725 INV
1 1 724 726 INV
2 1 725 726 727 AND
1 1 727 728 INV
2 1 722 728 729 AND
2 1 75 339 730 AND
2 1 76 340 731 XOR
2 1 77 341 732 XOR
1 1 731 733 INV
1 1 732 734 INV
2 1 733 734 735 AND
1 1 735 736 INV
2 1 730 736 737 AND
2 1 78 342 738 AND
2 1 79 343 739 XOR
2 1 80 344 740 XOR
1 1 739 741 INV
1 1 740 742 INV
2 1 741 742 743 AND
1 1 743 744 INV
2 1 738 744 745 AND
2 1 81 345 746 AND
2 1 82 346 747 XOR
2 1 83 347 748 XOR
1 1 747 749 INV
1 1 748 750 INV
2 1 749 750 751 AND
1 1 751 752 INV
2 1 746 752 753 AND
2 1 84 348 754 AND
2 1 85 349 755 XOR
2 1 86 350 756 XOR
1 1 755 757 INV
1 1 756 758 INV
2 1 757 758 759 AND
1 1 759 760 INV
2 1 754 760 761 AND
2 1 87 351 762 AND
2 1 88 352 763 XOR
2 1 89 353 764 XOR
1 1 763 765 INV
1 1 764 766 INV
2 1 765 766 767 AND
1 1 767 768 INV
2 1 762 768 769 AND
2 1 90 354 770 AND
2 1 91 355 771 XOR
2 1 92 356 772 XOR
1 1 771 773 INV
1 1 772 774 INV
2 1 773 774 775 AND
1 1 775 776 INV
2 1 770 776 777 AND
2 1 93 357 778 AND
2 1 94 358 779 XOR
2 1 95 359 780 XOR
1 1 779 781 INV
1 1 780 782 INV
2 1 781 782 783 AND
1 1 783 784 INV
2 1 778 784 785 AND
2 1 96 360 786 AND
2 1 97 361 787 XOR
2 1 98 362 788 XOR
1 1 787 789 INV
1 1 788 790 INV
2 1 789 790 791 AND
1 1 791 792 INV
2 1 786 792 793 AND
2 1 99 363 794 AND
2 1 100 364 795 XOR
2 1 101 365 796 XOR
1 1 795 797 INV
1 1 796 798 INV
2 1 797 798 799 AND
1 1 799 800 INV
2 1 794 800 801 AND
2 1 102 366 802 AND
2 1 103 367 803 XOR
2 1 104 368 804 XOR
1 1 803 805 INV
1 1 804 806 INV
2 1 805 806 807 AND
1 1 807 808 INV
2 1 802 808 809 AND
2 1 105 369 810 AND
2 1 106 370 811 XOR
2 1 107 371 812 XOR
1 1 811 813 INV
1 1 812 814 INV
2 1 813 814 815 AND
1 1 815 816 INV
2 1 810 816 817 AND
2 1 108 372 818 AND
2 1 109 373 819 XOR
2 1 110 374 820 XOR
1 1 819 821 INV
1 1 820 822 INV
2 1 821 822 823 AND
1 1 823 824 INV
2 1 818 824 825 AND
2 1 111 375 826 AND
2 1 112 376 827 XOR
2 1 113 377 828 XOR
1 1 827 829 INV
1 1 828 830 INV
2 1 829 830 831 AND
1 1 831 832 INV
2 1 826 832 833 AND
2 1 114 378 834 AND
2 1 115 379 835 XOR
2 1 116 380 836 XOR
1 1 835 837 INV
1 1 836 838 INV
2 1 837 838 839 AND
1 1 839 840 INV
2 1 834 840 841 AND
2 1 117 381 842 AND
2 1 118 382 843 XOR
2 1 119 383 844 XOR
1 1 843 845 INV
1 1 844 846 INV
2 1 845 846 847 AND
1 1 847 848 INV
2 1 842 848 849 AND
2 1 120 384 850 AND
2 1 121 385 851 XOR
2 1 122 386 852 XOR
1 1 851 853 INV
1 1 852 854 INV
2 1 853 854 855 AND
1 1 855 856 INV
2 1 850 856 857 AND
2 1 123 387 858 AND
2 1 124 388 859 XOR
2 1 125 389 860 XOR
1 1 859 861 INV
1 1 860 862 INV
2 1 861 862 863 AND
1 1 863 864 INV
2 1 858 864 865 AND
2 1 126 390 866 AND
2 1 127 391 867 XOR
2 1 128 392 868 XOR
1 1 867 869 INV
1 1 868 870 INV
2 1 869 870 871 AND
1 1 871 872 INV
2 1 866 872 873 AND
2 1 129 393 874 AND
2 1 130 394 875 XOR
2 1 131 395 876 XOR
1 1 875 877 INV
1 1 876 878 INV
2 1 877 878 879 AND
1 1 879 880 INV
2 1 874 880 881 AND
2 1 132 396 882 AND
2 1 133 397 883 XOR
2 1 134 398 884 XOR
1 1 883 885 INV
1 1 884 886 INV
2 1 885 886 887 AND
1 1 887 888 INV
2 1 882 888 889 AND
2 1 135 399 890 AND
2 1 136 400 891 XOR
2 1 137 401 892 XOR
1 1 891 893 INV
1 1 892 894 INV
2 1 893 894 895 AND
1 1 895 896 INV
2 1 890 896 897 AND
2 1 138 402 898 AND
2 1 139 403 899 XOR
2 1 140 404 900 XOR
1 1 899 901 INV
1 1 900 902 INV
2 1 901 902 903 AND
1 1 903 904 INV
2 1 898 904 905 AND
2 1 141 405 906 AND
2 1 142 406 907 XOR
2 1 143 407 908 XOR
1 1 907 909 INV
1 1 908 910 INV
2 1 909 910 911 AND
1 1 911 912 INV
2 1 906 912 913 AND
2 1 144 408 914 AND
2 1 145 409 915 XOR
2 1 146 410 916 XOR
1 1 915 917 INV
1 1 916 918 INV
2 1 917 918 919 AND
1 1 919 920 INV
2 1 914 920 921 AND
2 1 147 411 922 AND
2 1 148 412 923 XOR
2 1 149 413 924 XOR
1 1 923 925 INV
1 1 924 926 INV
2 1 925 926 927 AND
1 1 927 928 INV
2 1 922 928 929 AND
2 1 150 414 930 AND
2 1 151 415 931 XOR
2 1 152 416 932 XOR
1 1 931 933 INV
1 1 932 934 INV
2 1 933 934 935 AND
1 1 935 936 INV
2 1 930 936 937 AND
2 1 153 417 938 AND
2 1 154 418 939 XOR
2 1 155 419 940 XOR
1 1 939 941 INV
1 1 940 942 INV
2 1 941 942 943 AND
1 1 943 944 INV
2 1 938 944 945 AND
2 1 156 420 946 AND
2 1 157 421 947 XOR
2 1 158 422 948 XOR
1 1 947 949 INV
1 1 948 950 INV
2 1 949 950 951 AND
1 1 951 952 INV
2 1 946 952 953 AND
2 1 159 423 954 AND
2 1 160 424 955 XOR
2 1 161 425 956 XOR
1 1 955 957 INV
1 1 956 958 INV
2 1 957 958 959 AND
1 1 959 960 INV
2 1 954 960 961 AND
2 1 162 426 962 AND
2 1 163 427 963 XOR
2 1 164 428 964 XOR
1 1 963 965 INV
1 1 964 966 INV
2 1 965 966 967 AND
1 1 967 968 INV
2 1 962 968 969 AND
2 1 165 429 970 AND
2 1 166 430 971 XOR
2 1 167 431 972 XOR
1 1 971 973 INV
1 1 972 974 INV
2 1 973 974 975 AND
1 1 975 976 INV
2 1 970 976 977 AND
2 1 168 432 978 AND
2 1 169 433 979 XOR
2 1 170 434 980 XOR
1 1 979 981 INV
1 1 980 982 INV
2 1 981 982 983 AND
1 1 983 984 INV
2 1 978 984 985 AND
2 1 171 435 986 AND
2 1 172 436 987 XOR
2 1 173 437 988 XOR
1 1 987 989 INV
1 1 988 990 INV
2 1 989 990 991 AND
1 1 991 992 INV
2 1 986 992 993 AND
2 1 174 438 994 AND
2 1 175 439 995 XOR
2 1 176 440 996 XOR
1 1 995 997 INV
1 1 996 998 INV
2 1 997 998 999 AND
1 1 999 1000 INV
2 1 994 1000 1001 AND
2 1 177 441 1002 AND
2 1 178 442 1003 XOR
2 1 179 443 1004 XOR
1 1 1003 1005 INV
1 1 1004 1006 INV
2 1 1005 1006 1007 AND
1 1 1007 1008 INV
2 1 1002 1008 1009 AND
2 1 180 444 1010 AND
2 1 181 445 1011 XOR
2 1 182 446 1012 XOR
1 1 1011 1013 INV
1 1 1012 1014 INV
2 1 1013 1014 1015 AND
1 1 1015 1016 INV
2 1 1010 1016 1017 AND
2 1 183 447 1018 AND
2 1 184 448 1019 XOR
2 1 185 449 1020 XOR
1 1 1019 1021 INV
1 1 1020 1022 INV
2 1 1021 1022 1023 AND
1 1 1023 1024 INV
2 1 1018 1024 1025 AND
2 1 186 450 1026 AND
2 1 187 451 1027 XOR
2 1 188 452 1028 XOR
1 1 1027 1029 INV
1 1 1028 1030 INV
2 1 1029 1030 1031 AND
1 1 1031 1032 INV
2 1 1026 1032 1033 AND
2 1 189 453 1034 AND
2 1 190 454 1035 XOR
2 1 191 455 1036 XOR
1 1 1035 1037 INV
1 1 1036 1038 INV
2 1 1037 1038 1039 AND
1 1 1039 1040 INV
2 1 1034 1040 1041 AND
2 1 192 456 1042 AND
2 1 193 457 1043 XOR
2 1 194 458 1044 XOR
1 1 1043 1045 INV
1 1 1044 1046 INV
2 1 1045 1046 1047 AND
1 1 1047 1048 INV
2 1 1042 1048 1049 AND
2 1 195 459 1050 AND
2 1 196 460 1051 XOR
2 1 197 461 1052 XOR
1 1 1051 1053 INV
1 1 1052 1054 INV
2 1 1053 1054 1055 AND
1 1 1055 1056 INV
2 1 1050 1056 1057 AND
2 1 198 462 1058 AND
2 1 199 463 1059 XOR
2 1 200 464 1060 XOR
1 1 1059 1061 INV
1 1 1060 1062 INV
2 1 1061 1062 1063 AND
1 1 1063 1064 INV
2 1 1058 1064 1065 AND
2 1 201 465 1066 AND
2 1 202 466 1067 XOR
2 1 203 467 1068 XOR
1 1 1067 1069 INV
1 1 1068 1070 INV
2 1 1069 1070 1071 AND
1 1 1071 1072 INV
2 1 1066 1072 1073 AND
2 1 204 468 1074 AND
2 1 205 469 1075 XOR
2 1 206 470 1076 XOR
1 1 1075 1077 INV
1 1 1076 1078 INV
2 1 1077 1078 1079 AND
1 1 1079 1080 INV
2 1 1074 1080 1081 AND
2 1 207 471 1082 AND
2 1 208 472 1083 XOR
2 1 209 473 1084 XOR
1 1 1083 1085 INV
1 1 1084 1086 INV
2 1 1085 1086 1087 AND
1 1 1087 1088 INV
2 1 1082 1088 1089 AND
2 1 210 474 1090 AND
2 1 211 475 1091 XOR
2 1 212 476 1092 XOR
1 1 1091 1093 INV
1 1 1092 1094 INV
2 1 1093 1094 1095 AND
1 1 1095 1096 INV
2 1 1090 1096 1097 AND
2 1 213 477 1098 AND
2 1 214 478 1099 XOR
2 1 215 479 1100 XOR
1 1 1099 1101 INV
1 1 1100 1102 INV
2 1 1101 1102 1103 AND
1 1 1103 1104 INV
2 1 1098 1104 1105 AND
2 1 216 480 1106 AND
2 1 217 481 1107 XOR
2 1 218 482 1108 XOR
1 1 1107 1109 INV
1 1 1108 1110 INV
2 1 1109 1110 1111 AND
1 1 1111 1112 INV
2 1 1106 1112 1113 AND
2 1 219 483 1114 AND
2 1 220 484 1115 XOR
2 1 221 485 1116 XOR
1 1 1115 1117 INV
1 1 1116 1118 INV
2 1 1117 1118 1119 AND
1 1 1119 1120 INV
2 1 1114 1120 1121 AND
2 1 222 486 1122 AND
2 1 223 487 1123 XOR
2 1 224 488 1124 XOR
1 1 1123 1125 INV
1 1 1124 1126 INV
2 1 1125 1126 1127 AND
1 1 1127 1128 INV
2 1 1122 1128 1129 AND
2 1 225 489 1130 AND
2 1 226 490 1131 XOR
2 1 227 491 1132 XOR
1 1 1131 1133 INV
1 1 1132 1134 INV
2 1 1133 1134 1135 AND
1 1 1135 1136 INV
2 1 1130 1136 1137 AND
2 1 228 492 1138 AND
2 1 229 493 1139 XOR
2 1 230 494 1140 XOR
1 1 1139 1141 INV
1 1 1140 1142 INV
2 1 1141 1142 1143 AND
1 1 1143 1144 INV
2 1 1138 1144 1145 AND
2 1 231 495 1146 AND
2 1 232 496 1147 XOR
2 1 233 497 1148 XOR
1 1 1147 1149 INV
1 1 1148 1150 INV
2 1 1149 1150 1151 AND
1 1 1151 1152 INV
2 1 1146 1152 1153 AND
2 1 234 498 1154 AND
2 1 235 499 1155 XOR
2 1 236 500 1156 XOR
1 1 1155 1157 INV
1 1 1156 1158 INV
2 1 1157 1158 1159 AND
1 1 1159 1160 INV
2 1 1154 1160 1161 AND
2 1 237 501 1162 AND
2 1 238 502 1163 XOR
2 1 239 503 1164 XOR
1 1 1163 1165 INV
1 1 1164 1166 INV
2 1 1165 1166 1167 AND
1 1 1167 1168 INV
2 1 1162 1168 1169 AND
2 1 240 504 1170 AND
2 1 241 505 1171 XOR
2 1 242 506 1172 XOR
1 1 1171 1173 INV
1 1 1172 1174 INV
2 1 1173 1174 1175 AND
1 1 1175 1176 INV
2 1 1170 1176 1177 AND
2 1 243 507 1178 AND
2 1 244 508 1179 XOR
2 1 245 509 1180 XOR
1 1 1179 1181 INV
1 1 1180 1182 INV
2 1 1181 1182 1183 AND
1 1 1183 1184 INV
2 1 1178 1184 1185 AND
2 1 246 510 1186 AND
2 1 247 511 1187 XOR
2 1 248 512 1188 XOR
1 1 1187 1189 INV
1 1 1188 1190 INV
2 1 1189 1190 1191 AND
1 1 1191 1192 INV
2 1 1186 1192 1193 AND
2 1 249 513 1194 AND
2 1 250 514 1195 XOR
2 1 251 515 1196 XOR
1 1 1195 1197 INV
1 1 1196 1198 INV
2 1 1197 1198 1199 AND
1 1 1199 1200 INV
2 1 1194 1200 1201 AND
2 1 252 516 1202 AND
2 1 253 517 1203 XOR
2 1 254 518 1204 XOR
1 1 1203 1205 INV
1 1 1204 1206 INV
2 1 1205 1206 1207 AND
1 1 1207 1208 INV
2 1 1202 1208 1209 AND
2 1 255 519 1210 AND
2 1 256 520 1211 XOR
2 1 257 521 1212 XOR
1 1 1211 1213 INV
1 1 1212 1214 INV
2 1 1213 1214 1215 AND
1 1 1215 1216 INV
2 1 1210 1216 1217 AND
2 1 258 522 1218 AND
2 1 259 523 1219 XOR
2 1 260 524 1220 XOR
1 1 1219 1221 INV
1 1 1220 1222 INV
2 1 1221 1222 1223 AND
1 1 1223 1224 INV
2 1 1218 1224 1225 AND
2 1 261 525 1226 AND
2 1 262 526 1227 XOR
2 1 263 527 1228 XOR
1 1 1227 1229 INV
1 1 1228 1230 INV
2 1 1229 1230 1231 AND
1 1 1231 1232 INV
2 1 1226 1232 1233 AND
2 1 529 529 1234 AND
2 1 529 529 1235 XOR
2 1 529 529 1236 XOR
1 1 1235 1237 INV
1 1 1236 1238 INV
2 1 1237 1238 1239 AND
1 1 1239 1240 INV
2 1 1234 1240 1241 AND
2 1 529 529 1242 AND
2 1 529 529 1243 XOR
2 1 529 529 1244 XOR
1 1 1243 1245 INV
1 1 1244 1246 INV
2 1 1245 1246 1247 AND
1 1 1247 1248 INV
2 1 1242 1248 1249 AND
2 1 529 529 1250 AND
2 1 529 529 1251 XOR
2 1 529 529 1252 XOR
1 1 1251 1253 INV
1 1 1252 1254 INV
2 1 1253 1254 1255 AND
1 1 1255 1256 INV
2 1 1250 1256 1257 AND
2 1 529 529 1258 AND
2 1 529 529 1259 XOR
2 1 529 529 1260 XOR
1 1 1259 1261 INV
1 1 1260 1262 INV
2 1 1261 1262 1263 AND
1 1 1263 1264 INV
2 1 1258 1264 1265 AND
2 1 529 529 1266 AND
2 1 529 529 1267 XOR
2 1 529 529 1268 XOR
1 1 1267 1269 INV
1 1 1268 1270 INV
2 1 1269 1270 1271 AND
1 1 1271 1272 INV
2 1 1266 1272 1273 AND
2 1 529 529 1274 AND
2 1 529 529 1275 XOR
2 1 529 529 1276 XOR
1 1 1275 1277 INV
1 1 1276 1278 INV
2 1 1277 1278 1279 AND
1 1 1279 1280 INV
2 1 1274 1280 1281 AND
2 1 529 529 1282 AND
2 1 529 529 1283 XOR
2 1 529 529 1284 XOR
1 1 1283 1285 INV
1 1 1284 1286 INV
2 1 1285 1286 1287 AND
1 1 1287 1288 INV
2 1 1282 1288 1289 AND
2 1 529 529 1290 AND
2 1 529 529 1291 XOR
2 1 529 529 1292 XOR
1 1 1291 1293 INV
1 1 1292 1294 INV
2 1 1293 1294 1295 AND
1 1 1295 1296 INV
2 1 1290 1296 1297 AND
2 1 529 529 1298 AND
2 1 529 529 1299 XOR
2 1 529 529 1300 XOR
1 1 1299 1301 INV
1 1 1300 1302 INV
2 1 1301 1302 1303 AND
1 1 1303 1304 INV
2 1 1298 1304 1305 AND
2 1 529 529 1306 AND
2 1 529 529 1307 XOR
2 1 529 529 1308 XOR
1 1 1307 1309 INV
1 1 1308 1310 INV
2 1 1309 1310 1311 AND
1 1 1311 1312 INV
2 1 1306 1312 1313 AND
2 1 529 529 1314 AND
2 1 529 529 1315 XOR
2 1 529 529 1316 XOR
1 1 1315 1317 INV
1 1 1316 1318 INV
2 1 1317 1318 1319 AND
1 1 1319 1320 INV
2 1 1314 1320 1321 AND
2 1 529 529 1322 AND
2 1 529 529 1323 XOR
2 1 529 529 1324 XOR
1 1 1323 1325 INV
1 1 1324 1326 INV
2 1 1325 1326 1327 AND
1 1 1327 1328 INV
2 1 1322 1328 1329 AND
2 1 529 529 1330 AND
2 1 529 529 1331 XOR
2 1 529 529 1332 XOR
1 1 1331 1333 INV
1 1 1332 1334 INV
2 1 1333 1334 1335 AND
1 1 1335 1336 INV
2 1 1330 1336 1337 AND
2 1 529 529 1338 AND
2 1 529 529 1339 XOR
2 1 529 529 1340 XOR
1 1 1339 1341 INV
1 1 1340 1342 INV
2 1 1341 1342 1343 AND
1 1 1343 1344 INV
2 1 1338 1344 1345 AND
2 1 529 529 1346 AND
2 1 529 529 1347 XOR
2 1 529 529 1348 XOR
1 1 1347 1349 INV
1 1 1348 1350 INV
2 1 1349 1350 1351 AND
1 1 1351 1352 INV
2 1 1346 1352 1353 AND
2 1 529 529 1354 AND
2 1 529 529 1355 XOR
2 1 529 529 1356 XOR
1 1 1355 1357 INV
1 1 1356 1358 INV
2 1 1357 1358 1359 AND
1 1 1359 1360 INV
2 1 1354 1360 1361 AND
2 1 529 529 1362 AND
2 1 529 529 1363 XOR
2 1 529 529 1364 XOR
1 1 1363 1365 INV
1 1 1364 1366 INV
2 1 1365 1366 1367 AND
1 1 1367 1368 INV
2 1 1362 1368 1369 AND
2 1 529 529 1370 AND
2 1 529 529 1371 XOR
2 1 529 529 1372 XOR
1 1 1371 1373 INV
1 1 1372 1374 INV
2 1 1373 1374 1375 AND
1 1 1375 1376 INV
2 1 1370 1376 1377 AND
2 1 529 529 1378 AND
2 1 529 529 1379 XOR
2 1 529 529 1380 XOR
1 1 1379 1381 INV
1 1 1380 1382 INV
2 1 1381 1382 1383 AND
1 1 1383 1384 INV
2 1 1378 1384 1385 AND
2 1 529 529 1386 AND
2 1 529 529 1387 XOR
2 1 529 529 1388 XOR
1 1 1387 1389 INV
1 1 1388 1390 INV
2 1 1389 1390 1391 AND
1 1 1391 1392 INV
2 1 1386 1392 1393 AND
2 1 529 529 1394 AND
2 1 529 529 1395 XOR
2 1 529 529 1396 XOR
1 1 1395 1397 INV
1 1 1396 1398 INV
2 1 1397 1398 1399 AND
1 1 1399 1400 INV
2 1 1394 1400 1401 AND
2 1 529 529 1402 AND
2 1 529 529 1403 XOR
2 1 529 529 1404 XOR
1 1 1403 1405 INV
1 1 1404 1406 INV
2 1 1405 1406 1407 AND
1 1 1407 1408 INV
2 1 1402 1408 1409 AND
2 1 529 529 1410 AND
2 1 529 529 1411 XOR
2 1 529 529 1412 XOR
1 1 1411 1413 INV
1 1 1412 1414 INV
2 1 1413 1414 1415 AND
1 1 1415 1416 INV
2 1 1410 1416 1417 AND
2 1 529 529 1418 AND
2 1 529 529 1419 XOR
2 1 529 529 1420 XOR
1 1 1419 1421 INV
1 1 1420 1422 INV
2 1 1421 1422 1423 AND
1 1 1423 1424 INV
2 1 1418 1424 1425 AND
2 1 529 529 1426 AND
2 1 529 529 1427 XOR
2 1 529 529 1428 XOR
1 1 1427 1429 INV
1 1 1428 1430 INV
2 1 1429 1430 1431 AND
1 1 1431 1432 INV
2 1 1426 1432 1433 AND
2 1 529 529 1434 AND
2 1 529 529 1435 XOR
2 1 529 529 1436 XOR
1 1 1435 1437 INV
1 1 1436 1438 INV
2 1 1437 1438 1439 AND
1 1 1439 1440 INV
2 1 1434 1440 1441 AND
2 1 529 529 1442 AND
2 1 529 529 1443 XOR
2 1 529 529 1444 XOR
1 1 1443 1445 INV
1 1 1444 1446 INV
2 1 1445 1446 1447 AND
1 1 1447 1448 INV
2 1 1442 1448 1449 AND
2 1 529 529 1450 AND
2 1 529 529 1451 XOR
2 1 529 529 1452 XOR
1 1 1451 1453 INV
1 1 1452 1454 INV
2 1 1453 1454 1455 AND
1 1 1455 1456 INV
2 1 1450 1456 1457 AND
2 1 529 529 1458 AND
2 1 529 529 1459 XOR
2 1 529 529 1460 XOR
1 1 1459 1461 INV
1 1 1460 1462 INV
2 1 1461 1462 1463 AND
1 1 1463 1464 INV
2 1 1458 1464 1465 AND
2 1 529 529 1466 AND
2 1 529 529 1467 XOR
2 1 529 529 1468 XOR
1 1 1467 1469 INV
1 1 1468 1470 INV
2 1 1469 1470 1471 AND
1 1 1471 1472 INV
2 1 1466 1472 1473 AND
2 1 529 529 1474 AND
2 1 529 529 1475 XOR
2 1 529 529 1476 XOR
1 1 1475 1477 INV
1 1 1476 1478 INV
2 1 1477 1478 1479 AND
1 1 1479 1480 INV
2 1 1474 1480 1481 AND
2 1 529 529 1482 AND
2 1 529 529 1483 XOR
2 1 529 529 1484 XOR
1 1 1483 1485 INV
1 1 1484 1486 INV
2 1 1485 1486 1487 AND
1 1 1487 1488 INV
2 1 1482 1488 1489 AND
2 1 529 529 1490 AND
2 1 529 529 1491 XOR
2 1 529 529 1492 XOR
1 1 1491 1493 INV
1 1 1492 1494 INV
2 1 1493 1494 1495 AND
1 1 1495 1496 INV
2 1 1490 1496 1497 AND
2 1 529 529 1498 AND
2 1 529 529 1499 XOR
2 1 529 529 1500 XOR
1 1 1499 1501 INV
1 1 1500 1502 INV
2 1 1501 1502 1503 AND
1 1 1503 1504 INV
2 1 1498 1504 1505 AND
2 1 529 529 1506 AND
2 1 529 529 1507 XOR
2 1 529 529 1508 XOR
1 1 1507 1509 INV
1 1 1508 1510 INV
2 1 1509 1510 1511 AND
1 1 1511 1512 INV
2 1 1506 1512 1513 AND
2 1 529 529 1514 AND
2 1 529 529 1515 XOR
2 1 529 529 1516 XOR
1 1 1515 1517 INV
1 1 1516 1518 INV
2 1 1517 1518 1519 AND
1 1 1519 1520 INV
2 1 1514 1520 1521 AND
2 1 529 529 1522 AND
2 1 529 529 1523 XOR
2 1 529 529 1524 XOR
1 1 1523 1525 INV
1 1 1524 1526 INV
2 1 1525 1526 1527 AND
1 1 1527 1528 INV
2 1 1522 1528 1529 AND
2 1 529 529 1530 AND
2 1 529 529 1531 XOR
2 1 529 529 1532 XOR
1 1 1531 1533 INV
1 1 1532 1534 INV
2 1 1533 1534 1535 AND
1 1 1535 1536 INV
2 1 1530 1536 1537 AND
2 1 529 529 1538 AND
2 1 529 529 1539 XOR
2 1 529 529 1540 XOR
1 1 1539 1541 INV
1 1 1540 1542 INV
2 1 1541 1542 1543 AND
1 1 1543 1544 INV
2 1 1538 1544 1545 AND
2 1 529 529 1546 AND
2 1 529 529 1547 XOR
2 1 529 529 1548 XOR
1 1 1547 1549 INV
1 1 1548 1550 INV
2 1 1549 1550 1551 AND
1 1 1551 1552 INV
2 1 1546 1552 1553 AND
2 1 537 545 1554 AND
2 1 537 545 1555 XOR
2 1 553 561 1556 AND
2 1 553 561 1557 XOR
2 1 569 577 1558 AND
2 1 569 577 1559 XOR
2 1 585 593 1560 AND
2 1 585 593 1561 XOR
2 1 601 609 1562 AND
2 1 601 609 1563 XOR
2 1 617 625 1564 AND
2 1 617 625 1565 XOR
2 1 633 641 1566 AND
2 1 633 641 1567 XOR
2 1 649 657 1568 AND
2 1 649 657 1569 XOR
2 1 665 673 1570 AND
2 1 665 673 1571 XOR
2 1 681 689 1572 AND
2 1 681 689 1573 XOR
2 1 697 705 1574 AND
2 1 697 705 1575 XOR
2 1 713 721 1576 AND
2 1 713 721 1577 XOR
2 1 729 737 1578 AND
2 1 729 737 1579 XOR
2 1 745 753 1580 AND
2 1 745 753 1581 XOR
2 1 761 769 1582 AND
2 1 761 769 1583 XOR
2 1 777 785 1584 AND
2 1 777 785 1585 XOR
2 1 793 801 1586 AND
2 1 793 801 1587 XOR
2 1 809 817 1588 AND
2 1 809 817 1589 XOR
2 1 825 833 1590 AND
2 1 825 833 1591 XOR
2 1 841 849 1592 AND
2 1 841 849 1593 XOR
2 1 857 865 1594 AND
2 1 857 865 1595 XOR
2 1 873 881 1596 AND
2 1 873 881 1597 XOR
2 1 889 897 1598 AND
2 1 889 897 1599 XOR
2 1 905 913 1600 AND
2 1 905 913 1601 XOR
2 1 921 929 1602 AND
2 1 921 929 1603 XOR
2 1 937 945 1604 AND
2 1 937 945 1605 XOR
2 1 953 961 1606 AND
2 1 953 961 1607 XOR
2 1 969 977 1608 AND
2 1 969 977 1609 XOR
2 1 985 993 1610 AND
2 1 985 993 1611 XOR
2 1 1001 1009 1612 AND
2 1 1001 1009 1613 XOR
2 1 1017 1025 1614 AND
2 1 1017 1025 1615 XOR
2 1 1033 1041 1616 AND
2 1 1033 1041 1617 XOR
2 1 1049 1057 1618 AND
2 1 1049 1057 1619 XOR
2 1 1065 1073 1620 AND
2 1 1065 1073 1621 XOR
2 1 1081 1089 1622 AND
2 1 1081 1089 1623 XOR
2 1 1097 1105 1624 AND
2 1 1097 1105 1625 XOR
2 1 1113 1121 1626 AND
2 1 1113 1121 1627 XOR
2 1 1129 1137 1628 AND
2 1 1129 1137 1629 XOR
2 1 1145 1153 1630 AND
2 1 1145 1153 1631 XOR
2 1 1161 1169 1632 AND
2 1 1161 1169 1633 XOR
2 1 1177 1185 1634 AND
2 1 1177 1185 1635 XOR
2 1 1193 1201 1636 AND
2 1 1193 1201 1637 XOR
2 1 1209 1217 1638 AND
2 1 1209 1217 1639 XOR
2 1 1225 1233 1640 AND
2 1 1225 1233 1641 XOR
2 1 1241 1249 1642 AND
2 1 1241 1249 1643 XOR
2 1 1257 1265 1644 AND
2 1 1257 1265 1645 XOR
2 1 1273 1281 1646 AND
2 1 1273 1281 1647 XOR
2 1 1289 1297 1648 AND
2 1 1289 1297 1649 XOR
2 1 1305 1313 1650 AND
2 1 1305 1313 1651 XOR
2 1 1321 1329 1652 AND
2 1 1321 1329 1653 XOR
2 1 1337 1345 1654 AND
2 1 1337 1345 1655 XOR
2 1 1353 1361 1656 AND
2 1 1353 1361 1657 XOR
2 1 1369 1377 1658 AND
2 1 1369 1377 1659 XOR
2 1 1385 1393 1660 AND
2 1 1385 1393 1661 XOR
2 1 1401 1409 1662 AND
2 1 1401 1409 1663 XOR
2 1 1417 1425 1664 AND
2 1 1417 1425 1665 XOR
2 1 1433 1441 1666 AND
2 1 1433 1441 1667 XOR
2 1 1449 1457 1668 AND
2 1 1449 1457 1669 XOR
2 1 1465 1473 1670 AND
2 1 1465 1473 1671 XOR
2 1 1481 1489 1672 AND
2 1 1481 1489 1673 XOR
2 1 1497 1505 1674 AND
2 1 1497 1505 1675 XOR
2 1 1513 1521 1676 AND
2 1 1513 1521 1677 XOR
2 1 1529 1537 1678 AND
2 1 1529 1537 1679 XOR
2 1 1545 1553 1680 AND
2 1 1545 1553 1681 XOR
2 1 1555 1557 1682 XOR
2 1 1555 1557 1683 AND
1 1 1683 1684 INV
2 1 529 1682 1685 AND
1 1 1685 1686 INV
2 1 1684 1686 1687 AND
1 1 1687 1688 INV
2 1 529 1682 1689 XOR
2 1 1554 1556 1690 XOR
2 1 1554 1556 1691 AND
1 1 1691 1692 INV
2 1 1688 1690 1693 AND
1 1 1693 1694 INV
2 1 1692 1694 1695 AND
1 1 1695 1696 INV
2 1 1688 1690 1697 XOR
2 1 1559 1561 1698 XOR
2 1 1559 1561 1699 AND
1 1 1699 1700 INV
2 1 529 1698 1701 AND
1 1 1701 1702 INV
2 1 1700 1702 1703 AND
1 1 1703 1704 INV
2 1 529 1698 1705 XOR
2 1 1558 1560 1706 XOR
2 1 1558 1560 1707 AND
1 1 1707 1708 INV
2 1 1704 1706 1709 AND
1 1 1709 1710 INV
2 1 1708 1710 1711 AND
1 1 1711 1712 INV
2 1 1704 1706 1713 XOR
2 1 1563 1565 1714 XOR
2 1 1563 1565 1715 AND
1 1 1715 1716 INV
2 1 529 1714 1717 AND
1 1 1717 1718 INV
2 1 1716 1718 1719 AND
1 1 1719 1720 INV
2 1 529 1714 1721 XOR
2 1 1562 1564 1722 XOR
2 1 1562 1564 1723 AND
1 1 1723 1724 INV
2 1 1720 1722 1725 AND
1 1 1725 1726 INV
2 1 1724 1726 1727 AND
1 1 1727 1728 INV
2 1 1720 1722 1729 XOR
2 1 1567 1569 1730 XOR
2 1 1567 1569 1731 AND
1 1 1731 1732 INV
2 1 529 1730 1733 AND
1 1 1733 1734 INV
2 1 1732 1734 1735 AND
1 1 1735 1736 INV
2 1 529 1730 1737 XOR
2 1 1566 1568 1738 XOR
2 1 1566 1568 1739 AND
1 1 1739 1740 INV
2 1 1736 1738 1741 AND
1 1 1741 1742 INV
2 1 1740 1742 1743 AND
1 1 1743 1744 INV
2 1 1736 1738 1745 XOR
2 1 1571 1573 1746 XOR
2 1 1571 1573 1747 AND
1 1 1747 1748 INV
2 1 529 1746 1749 AND
1 1 1749 1750 INV
2 1 1748 1750 1751 AND
1 1 1751 1752 INV
2 1 529 1746 1753 XOR
2 1 1570 1572 1754 XOR
2 1 1570 1572 1755 AND
1 1 1755 1756 INV
2 1 1752 1754 1757 AND
1 1 1757 1758 INV
2 1 1756 1758 1759 AND
1 1 1759 1760 INV
2 1 1752 1754 1761 XOR
2 1 1575 1577 1762 XOR
2 1 1575 1577 1763 AND
1 1 1763 1764 INV
2 1 529 1762 1765 AND
1 1 1765 1766 INV
2 1 1764 1766 1767 AND
1 1 1767 1768 INV
2 1 529 1762 1769 XOR
2 1 1574 1576 1770 XOR
2 1 1574 1576 1771 AND
1 1 1771 1772 INV
2 1 1768 1770 1773 AND
1 1 1773 1774 INV
2 1 1772 1774 1775 AND
1 1 1775 1776 INV
2 1 1768 1770 1777 XOR
2 1 1579 1581 1778 XOR
2 1 1579 1581 1779 AND
1 1 1779 1780 INV
2 1 529 1778 1781 AND
1 1 1781 1782 INV
2 1 1780 1782 1783 AND
1 1 1783 1784 INV
2 1 529 1778 1785 XOR
2 1 1578 1580 1786 XOR
2 1 1578 1580 1787 AND
1 1 1787 1788 INV
2 1 1784 1786 1789 AND
1 1 1789 1790 INV
2 1 1788 1790 1791 AND
1 1 1791 1792 INV
2 1 1784 1786 1793 XOR
2 1 1583 1585 1794 XOR
2 1 1583 1585 1795 AND
1 1 1795 1796 INV
2 1 529 1794 1797 AND
1 1 1797 1798 INV
2 1 1796 1798 1799 AND
1 1 1799 1800 INV
2 1 529 1794 1801 XOR
2 1 1582 1584 1802 XOR
2 1 1582 1584 1803 AND
1 1 1803 1804 INV
2 1 1800 1802 1805 AND
1 1 1805 1806 INV
2 1 1804 1806 1807 AND
1 1 1807 1808 INV
2 1 1800 1802 1809 XOR
2 1 1587 1589 1810 XOR
2 1 1587 1589 1811 AND
1 1 1811 1812 INV
2 1 529 1810 1813 AND
1 1 1813 1814 INV
2 1 1812 1814 1815 AND
1 1 1815 1816 INV
2 1 529 1810 1817 XOR
2 1 1586 1588 1818 XOR
2 1 1586 1588 1819 AND
1 1 1819 1820 INV
2 1 1816 1818 1821 AND
1 1 1821 1822 INV
2 1 1820 1822 1823 AND
1 1 1823 1824 INV
2 1 1816 1818 1825 XOR
2 1 1591 1593 1826 XOR
2 1 1591 1593 1827 AND
1 1 1827 1828 INV
2 1 529 1826 1829 AND
1 1 1829 1830 INV
2 1 1828 1830 1831 AND
1 1 1831 1832 INV
2 1 529 1826 1833 XOR
2 1 1590 1592 1834 XOR
2 1 1590 1592 1835 AND
1 1 1835 1836 INV
2 1 1832 1834 1837 AND
1 1 1837 1838 INV
2 1 1836 1838 1839 AND
1 1 1839 1840 INV
2 1 1832 1834 1841 XOR
2 1 1595 1597 1842 XOR
2 1 1595 1597 1843 AND
1 1 1843 1844 INV
2 1 529 1842 1845 AND
1 1 1845 1846 INV
2 1 1844 1846 1847 AND
1 1 1847 1848 INV
2 1 529 1842 1849 XOR
2 1 1594 1596 1850 XOR
2 1 1594 1596 1851 AND
1 1 1851 1852 INV
2 1 1848 1850 1853 AND
1 1 1853 1854 INV
2 1 1852 1854 1855 AND
1 1 1855 1856 INV
2 1 1848 1850 1857 XOR
2 1 1599 1601 1858 XOR
2 1 1599 1601 1859 AND
1 1 1859 1860 INV
2 1 529 1858 1861 AND
1 1 1861 1862 INV
2 1 1860 1862 1863 AND
1 1 1863 1864 INV
2 1 529 1858 1865 XOR
2 1 1598 1600 1866 XOR
2 1 1598 1600 1867 AND
1 1 1867 1868 INV
2 1 1864 1866 1869 AND
1 1 1869 1870 INV
2 1 1868 1870 1871 AND
1 1 1871 1872 INV
2 1 1864 1866 1873 XOR
2 1 1603 1605 1874 XOR
2 1 1603 1605 1875 AND
1 1 1875 1876 INV
2 1 529 1874 1877 AND
1 1 1877 1878 INV
2 1 1876 1878 1879 AND
1 1 1879 1880 INV
2 1 529 1874 1881 XOR
2 1 1602 1604 1882 XOR
2 1 1602 1604 1883 AND
1 1 1883 1884 INV
2 1 1880 1882 1885 AND
1 1 1885 1886 INV
2 1 1884 1886 1887 AND
1 1 1887 1888 INV
2 1 1880 1882 1889 XOR
2 1 1607 1609 1890 XOR
2 1 1607 1609 1891 AND
1 1 1891 1892 INV
2 1 529 1890 1893 AND
1 1 1893 1894 INV
2 1 1892 1894 1895 AND
1 1 1895 1896 INV
2 1 529 1890 1897 XOR
2 1 1606 1608 1898 XOR
2 1 1606 1608 1899 AND
1 1 1899 1900 INV
2 1 1896 1898 1901 AND
1 1 1901 1902 INV
2 1 1900 1902 1903 AND
1 1 1903 1904 INV
2 1 1896 1898 1905 XOR
2 1 1611 1613 1906 XOR
2 1 1611 1613 1907 AND
1 1 1907 1908 INV
2 1 529 1906 1909 AND
1 1 1909 1910 INV
2 1 1908 1910 1911 AND
1 1 1911 1912 INV
2 1 529 1906 1913 XOR
2 1 1610 1612 1914 XOR
2 1 1610 1612 1915 AND
1 1 1915 1916 INV
2 1 1912 1914 1917 AND
1 1 1917 1918 INV
2 1 1916 1918 1919 AND
1 1 1919 1920 INV
2 1 1912 1914 1921 XOR
2 1 1615 1617 1922 XOR
2 1 1615 1617 1923 AND
1 1 1923 1924 INV
2 1 529 1922 1925 AND
1 1 1925 1926 INV
2 1 1924 1926 1927 AND
1 1 1927 1928 INV
2 1 529 1922 1929 XOR
2 1 1614 1616 1930 XOR
2 1 1614 1616 1931 AND
1 1 1931 1932 INV
2 1 1928 1930 1933 AND
1 1 1933 1934 INV
2 1 1932 1934 1935 AND
1 1 1935 1936 INV
2 1 1928 1930 1937 XOR
2 1 1619 1621 1938 XOR
2 1 1619 1621 1939 AND
1 1 1939 1940 INV
2 1 529 1938 1941 AND
1 1 1941 1942 INV
2 1 1940 1942 1943 AND
1 1 1943 1944 INV
2 1 529 1938 1945 XOR
2 1 1618 1620 1946 XOR
2 1 1618 1620 1947 AND
1 1 1947 1948 INV
2 1 1944 1946 1949 AND
1 1 1949 1950 INV
2 1 1948 1950 1951 AND
1 1 1951 1952 INV
2 1 1944 1946 1953 XOR
2 1 1623 1625 1954 XOR
2 1 1623 1625 1955 AND
1 1 1955 1956 INV
2 1 529 1954 1957 AND
1 1 1957 1958 INV
2 1 1956 1958 1959 AND
1 1 1959 1960 INV
2 1 529 1954 1961 XOR
2 1 1622 1624 1962 XOR
2 1 1622 1624 1963 AND
1 1 1963 1964 INV
2 1 1960 1962 1965 AND
1 1 1965 1966 INV
2 1 1964 1966 1967 AND
1 1 1967 1968 INV
2 1 1960 1962 1969 XOR
2 1 1627 1629 1970 XOR
2 1 1627 1629 1971 AND
1 1 1971 1972 INV
2 1 529 1970 1973 AND
1 1 1973 1974 INV
2 1 1972 1974 1975 AND
1 1 1975 1976 INV
2 1 529 1970 1977 XOR
2 1 1626 1628 1978 XOR
2 1 1626 1628 1979 AND
1 1 1979 1980 INV
2 1 1976 1978 1981 AND
1 1 1981 1982 INV
2 1 1980 1982 1983 AND
1 1 1983 1984 INV
2 1 1976 1978 1985 XOR
2 1 1631 1633 1986 XOR
2 1 1631 1633 1987 AND
1 1 1987 1988 INV
2 1 529 1986 1989 AND
1 1 1989 1990 INV
2 1 1988 1990 1991 AND
1 1 1991 1992 INV
2 1 529 1986 1993 XOR
2 1 1630 1632 1994 XOR
2 1 1630 1632 1995 AND
1 1 1995 1996 INV
2 1 1992 1994 1997 AND
1 1 1997 1998 INV
2 1 1996 1998 1999 AND
1 1 1999 2000 INV
2 1 1992 1994 2001 XOR
2 1 1635 1637 2002 XOR
2 1 1635 1637 2003 AND
1 1 2003 2004 INV
2 1 529 2002 2005 AND
1 1 2005 2006 INV
2 1 2004 2006 2007 AND
1 1 2007 2008 INV
2 1 529 2002 2009 XOR
2 1 1634 1636 2010 XOR
2 1 1634 1636 2011 AND
1 1 2011 2012 INV
2 1 2008 2010 2013 AND
1 1 2013 2014 INV
2 1 2012 2014 2015 AND
1 1 2015 2016 INV
2 1 2008 2010 2017 XOR
2 1 1639 1641 2018 XOR
2 1 1639 1641 2019 AND
1 1 2019 2020 INV
2 1 529 2018 2021 AND
1 1 2021 2022 INV
2 1 2020 2022 2023 AND
1 1 2023 2024 INV
2 1 529 2018 2025 XOR
2 1 1638 1640 2026 XOR
2 1 1638 1640 2027 AND
1 1 2027 2028 INV
2 1 2024 2026 2029 AND
1 1 2029 2030 INV
2 1 2028 2030 2031 AND
1 1 2031 2032 INV
2 1 2024 2026 2033 XOR
2 1 1643 1645 2034 XOR
2 1 1643 1645 2035 AND
1 1 2035 2036 INV
2 1 529 2034 2037 AND
1 1 2037 2038 INV
2 1 2036 2038 2039 AND
1 1 2039 2040 INV
2 1 529 2034 2041 XOR
2 1 1642 1644 2042 XOR
2 1 1642 1644 2043 AND
1 1 2043 2044 INV
2 1 2040 2042 2045 AND
1 1 2045 2046 INV
2 1 2044 2046 2047 AND
1 1 2047 2048 INV
2 1 2040 2042 2049 XOR
2 1 1647 1649 2050 XOR
2 1 1647 1649 2051 AND
1 1 2051 2052 INV
2 1 529 2050 2053 AND
1 1 2053 2054 INV
2 1 2052 2054 2055 AND
1 1 2055 2056 INV
2 1 529 2050 2057 XOR
2 1 1646 1648 2058 XOR
2 1 1646 1648 2059 AND
1 1 2059 2060 INV
2 1 2056 2058 2061 AND
1 1 2061 2062 INV
2 1 2060 2062 2063 AND
1 1 2063 2064 INV
2 1 2056 2058 2065 XOR
2 1 1651 1653 2066 XOR
2 1 1651 1653 2067 AND
1 1 2067 2068 INV
2 1 529 2066 2069 AND
1 1 2069 2070 INV
2 1 2068 2070 2071 AND
1 1 2071 2072 INV
2 1 529 2066 2073 XOR
2 1 1650 1652 2074 XOR
2 1 1650 1652 2075 AND
1 1 2075 2076 INV
2 1 2072 2074 2077 AND
1 1 2077 2078 INV
2 1 2076 2078 2079 AND
1 1 2079 2080 INV
2 1 2072 2074 2081 XOR
2 1 1655 1657 2082 XOR
2 1 1655 1657 2083 AND
1 1 2083 2084 INV
2 1 529 2082 2085 AND
1 1 2085 2086 INV
2 1 2084 2086 2087 AND
1 1 2087 2088 INV
2 1 529 2082 2089 XOR
2 1 1654 1656 2090 XOR
2 1 1654 1656 2091 AND
1 1 2091 2092 INV
2 1 2088 2090 2093 AND
1 1 2093 2094 INV
2 1 2092 2094 2095 AND
1 1 2095 2096 INV
2 1 2088 2090 2097 XOR
2 1 1659 1661 2098 XOR
2 1 1659 1661 2099 AND
1 1 2099 2100 INV
2 1 529 2098 2101 AND
1 1 2101 2102 INV
2 1 2100 2102 2103 AND
1 1 2103 2104 INV
2 1 529 2098 2105 XOR
2 1 1658 1660 2106 XOR
2 1 1658 1660 2107 AND
1 1 2107 2108 INV
2 1 2104 2106 2109 AND
1 1 2109 2110 INV
2 1 2108 2110 2111 AND
1 1 2111 2112 INV
2 1 2104 2106 2113 XOR
2 1 1663 1665 2114 XOR
2 1 1663 1665 2115 AND
1 1 2115 2116 INV
2 1 529 2114 2117 AND
1 1 2117 2118 INV
2 1 2116 2118 2119 AND
1 1 2119 2120 INV
2 1 529 2114 2121 XOR
2 1 1662 1664 2122 XOR
2 1 1662 1664 2123 AND
1 1 2123 2124 INV
2 1 2120 2122 2125 AND
1 1 2125 2126 INV
2 1 2124 2126 2127 AND
1 1 2127 2128 INV
2 1 2120 2122 2129 XOR
2 1 1667 1669 2130 XOR
2 1 1667 1669 2131 AND
1 1 2131 2132 INV
2 1 529 2130 2133 AND
1 1 2133 2134 INV
2 1 2132 2134 2135 AND
1 1 2135 2136 INV
2 1 529 2130 2137 XOR
2 1 1666 1668 2138 XOR
2 1 1666 1668 2139 AND
1 1 2139 2140 INV
2 1 2136 2138 2141 AND
1 1 2141 2142 INV
2 1 2140 2142 2143 AND
1 1 2143 2144 INV
2 1 2136 2138 2145 XOR
2 1 1671 1673 2146 XOR
2 1 1671 1673 2147 AND
1 1 2147 2148 INV
2 1 529 2146 2149 AND
1 1 2149 2150 INV
2 1 2148 2150 2151 AND
1 1 2151 2152 INV
2 1 529 2146 2153 XOR
2 1 1670 1672 2154 XOR
2 1 1670 1672 2155 AND
1 1 2155 2156 INV
2 1 2152 2154 2157 AND
1 1 2157 2158 INV
2 1 2156 2158 2159 AND
1 1 2159 2160 INV
2 1 2152 2154 2161 XOR
2 1 1675 1677 2162 XOR
2 1 1675 1677 2163 AND
1 1 2163 2164 INV
2 1 529 2162 2165 AND
1 1 2165 2166 INV
2 1 2164 2166 2167 AND
1 1 2167 2168 INV
2 1 529 2162 2169 XOR
2 1 1674 1676 2170 XOR
2 1 1674 1676 2171 AND
1 1 2171 2172 INV
2 1 2168 2170 2173 AND
1 1 2173 2174 INV
2 1 2172 2174 2175 AND
1 1 2175 2176 INV
2 1 2168 2170 2177 XOR
2 1 1679 1681 2178 XOR
2 1 1679 1681 2179 AND
1 1 2179 2180 INV
2 1 529 2178 2181 AND
1 1 2181 2182 INV
2 1 2180 2182 2183 AND
1 1 2183 2184 INV
2 1 529 2178 2185 XOR
2 1 1678 1680 2186 XOR
2 1 1678 1680 2187 AND
1 1 2187 2188 INV
2 1 2184 2186 2189 AND
1 1 2189 2190 INV
2 1 2188 2190 2191 AND
1 1 2191 2192 INV
2 1 2184 2186 2193 XOR
2 1 1689 1705 2194 XOR
2 1 1689 1705 2195 AND
1 1 2195 2196 INV
2 1 529 2194 2197 AND
1 1 2197 2198 INV
2 1 2196 2198 2199 AND
1 1 2199 2200 INV
2 1 529 2194 2201 XOR
2 1 1697 1713 2202 XOR
2 1 1697 1713 2203 AND
1 1 2203 2204 INV
2 1 2200 2202 2205 AND
1 1 2205 2206 INV
2 1 2204 2206 2207 AND
1 1 2207 2208 INV
2 1 2200 2202 2209 XOR
2 1 1696 1712 2210 XOR
2 1 1696 1712 2211 AND
1 1 2211 2212 INV
2 1 2208 2210 2213 AND
1 1 2213 2214 INV
2 1 2212 2214 2215 AND
1 1 2215 2216 INV
2 1 2208 2210 2217 XOR
2 1 1721 1737 2218 XOR
2 1 1721 1737 2219 AND
1 1 2219 2220 INV
2 1 529 2218 2221 AND
1 1 2221 2222 INV
2 1 2220 2222 2223 AND
1 1 2223 2224 INV
2 1 529 2218 2225 XOR
2 1 1729 1745 2226 XOR
2 1 1729 1745 2227 AND
1 1 2227 2228 INV
2 1 2224 2226 2229 AND
1 1 2229 2230 INV
2 1 2228 2230 2231 AND
1 1 2231 2232 INV
2 1 2224 2226 2233 XOR
2 1 1728 1744 2234 XOR
2 1 1728 1744 2235 AND
1 1 2235 2236 INV
2 1 2232 2234 2237 AND
1 1 2237 2238 INV
2 1 2236 2238 2239 AND
1 1 2239 2240 INV
2 1 2232 2234 2241 XOR
2 1 1753 1769 2242 XOR
2 1 1753 1769 2243 AND
1 1 2243 2244 INV
2 1 529 2242 2245 AND
1 1 2245 2246 INV
2 1 2244 2246 2247 AND
1 1 2247 2248 INV
2 1 529 2242 2249 XOR
2 1 1761 1777 2250 XOR
2 1 1761 1777 2251 AND
1 1 2251 2252 INV
2 1 2248 2250 2253 AND
1 1 2253 2254 INV
2 1 2252 2254 2255 AND
1 1 2255 2256 INV
2 1 2248 2250 2257 XOR
2 1 1760 1776 2258 XOR
2 1 1760 1776 2259 AND
1 1 2259 2260 INV
2 1 2256 2258 2261 AND
1 1 2261 2262 INV
2 1 2260 2262 2263 AND
1 1 2263 2264 INV
2 1 2256 2258 2265 XOR
2 1 1785 1801 2266 XOR
2 1 1785 1801 2267 AND
1 1 2267 2268 INV
2 1 529 2266 2269 AND
1 1 2269 2270 INV
2 1 2268 2270 2271 AND
1 1 2271 2272 INV
2 1 529 2266 2273 XOR
2 1 1793 1809 2274 XOR
2 1 1793 1809 2275 AND
1 1 2275 2276 INV
2 1 2272 2274 2277 AND
1 1 2277 2278 INV
2 1 2276 2278 2279 AND
1 1 2279 2280 INV
2 1 2272 2274 2281 XOR
2 1 1792 1808 2282 XOR
2 1 1792 1808 2283 AND
1 1 2283 2284 INV
2 1 2280 2282 2285 AND
1 1 2285 2286 INV
2 1 2284 2286 2287 AND
1 1 2287 2288 INV
2 1 2280 2282 2289 XOR
2 1 1817 1833 2290 XOR
2 1 1817 1833 2291 AND
1 1 2291 2292 INV
2 1 529 2290 2293 AND
1 1 2293 2294 INV
2 1 2292 2294 2295 AND
1 1 2295 2296 INV
2 1 529 2290 2297 XOR
2 1 1825 1841 2298 XOR
2 1 1825 1841 2299 AND
1 1 2299 2300 INV
2 1 2296 2298 2301 AND
1 1 2301 2302 INV
2 1 2300 2302 2303 AND
1 1 2303 2304 INV
2 1 2296 2298 2305 XOR
2 1 1824 1840 2306 XOR
2 1 1824 1840 2307 AND
1 1 2307 2308 INV
2 1 2304 2306 2309 AND
1 1 2309 2310 INV
2 1 2308 2310 2311 AND
1 1 2311 2312 INV
2 1 2304 2306 2313 XOR
2 1 1849 1865 2314 XOR
2 1 1849 1865 2315 AND
1 1 2315 2316 INV
2 1 529 2314 2317 AND
1 1 2317 2318 INV
2 1 2316 2318 2319 AND
1 1 2319 2320 INV
2 1 529 2314 2321 XOR
2 1 1857 1873 2322 XOR
2 1 1857 1873 2323 AND
1 1 2323 2324 INV
2 1 2320 2322 2325 AND
1 1 2325 2326 INV
2 1 2324 2326 2327 AND
1 1 2327 2328 INV
2 1 2320 2322 2329 XOR
2 1 1856 1872 2330 XOR
2 1 1856 1872 2331 AND
1 1 2331 2332 INV
2 1 2328 2330 2333 AND
1 1 2333 2334 INV
2 1 2332 2334 2335 AND
1 1 2335 2336 INV
2 1 2328 2330 2337 XOR
2 1 1881 1897 2338 XOR
2 1 1881 1897 2339 AND
1 1 2339 2340 INV
2 1 529 2338 2341 AND
1 1 2341 2342 INV
2 1 2340 2342 2343 AND
1 1 2343 2344 INV
2 1 529 2338 2345 XOR
2 1 1889 1905 2346 XOR
2 1 1889 1905 2347 AND
1 1 2347 2348 INV
2 1 2344 2346 2349 AND
1 1 2349 2350 INV
2 1 2348 2350 2351 AND
1 1 2351 2352 INV
2 1 2344 2346 2353 XOR
2 1 1888 1904 2354 XOR
2 1 1888 1904 2355 AND
1 1 2355 2356 INV
2 1 2352 2354 2357 AND
1 1 2357 2358 INV
2 1 2356 2358 2359 AND
1 1 2359 2360 INV
2 1 2352 2354 2361 XOR
2 1 1913 1929 2362 XOR
2 1 1913 1929 2363 AND
1 1 2363 2364 INV
2 1 529 2362 2365 AND
1 1 2365 2366 INV
2 1 2364 2366 2367 AND
1 1 2367 2368 INV
2 1 529 2362 2369 XOR
2 1 1921 1937 2370 XOR
2 1 1921 1937 2371 AND
1 1 2371 2372 INV
2 1 2368 2370 2373 AND
1 1 2373 2374 INV
2 1 2372 2374 2375 AND
1 1 2375 2376 INV
2 1 2368 2370 2377 XOR
2 1 1920 1936 2378 XOR
2 1 1920 1936 2379 AND
1 1 2379 2380 INV
2 1 2376 2378 2381 AND
1 1 2381 2382 INV
2 1 2380 2382 2383 AND
1 1 2383 2384 INV
2 1 2376 2378 2385 XOR
2 1 1945 1961 2386 XOR
2 1 1945 1961 2387 AND
1 1 2387 2388 INV
2 1 529 2386 2389 AND
1 1 2389 2390 INV
2 1 2388 2390 2391 AND
1 1 2391 2392 INV
2 1 529 2386 2393 XOR
2 1 1953 1969 2394 XOR
2 1 1953 1969 2395 AND
1 1 2395 2396 INV
2 1 2392 2394 2397 AND
1 1 2397 2398 INV
2 1 2396 2398 2399 AND
1 1 2399 2400 INV
2 1 2392 2394 2401 XOR
2 1 1952 1968 2402 XOR
2 1 1952 1968 2403 AND
1 1 2403 2404 INV
2 1 2400 2402 2405 AND
1 1 2405 2406 INV
2 1 2404 2406 2407 AND
1 1 2407 2408 INV
2 1 2400 2402 2409 XOR
2 1 1977 1993 2410 XOR
2 1 1977 1993 2411 AND
1 1 2411 2412 INV
2 1 529 2410 2413 AND
1 1 2413 2414 INV
2 1 2412 2414 2415 AND
1 1 2415 2416 INV
2 1 529 2410 2417 XOR
2 1 1985 2001 2418 XOR
2 1 1985 2001 2419 AND
1 1 2419 2420 INV
2 1 2416 2418 2421 AND
1 1 2421 2422 INV
2 1 2420 2422 2423 AND
1 1 2423 2424 INV
2 1 2416 2418 2425 XOR
2 1 1984 2000 2426 XOR
2 1 1984 2000 2427 AND
1 1 2427 2428 INV
2 1 2424 2426 2429 AND
1 1 2429 2430 INV
2 1 2428 2430 2431 AND
1 1 2431 2432 INV
2 1 2424 2426 2433 XOR
2 1 2009 2025 2434 XOR
2 1 2009 2025 2435 AND
1 1 2435 2436 INV
2 1 529 2434 2437 AND
1 1 2437 2438 INV
2 1 2436 2438 2439 AND
1 1 2439 2440 INV
2 1 529 2434 2441 XOR
2 1 2017 2033 2442 XOR
2 1 2017 2033 2443 AND
1 1 2443 2444 INV
2 1 2440 2442 2445 AND
1 1 2445 2446 INV
2 1 2444 2446 2447 AND
1 1 2447 2448 INV
2 1 2440 2442 2449 XOR
2 1 2016 2032 2450 XOR
2 1 2016 2032 2451 AND
1 1 2451 2452 INV
2 1 2448 2450 2453 AND
1 1 2453 2454 INV
2 1 2452 2454 2455 AND
1 1 2455 2456 INV
2 1 2448 2450 2457 XOR
2 1 2041 2057 2458 XOR
2 1 2041 2057 2459 AND
1 1 2459 2460 INV
2 1 529 2458 2461 AND
1 1 2461 2462 INV
2 1 2460 2462 2463 AND
1 1 2463 2464 INV
2 1 529 2458 2465 XOR
2 1 2049 2065 2466 XOR
2 1 2049 2065 2467 AND
1 1 2467 2468 INV
2 1 2464 2466 2469 AND
1 1 2469 2470 INV
2 1 2468 2470 2471 AND
1 1 2471 2472 INV
2 1 2464 2466 2473 XOR
2 1 2048 2064 2474 XOR
2 1 2048 2064 2475 AND
1 1 2475 2476 INV
2 1 2472 2474 2477 AND
1 1 2477 2478 INV
2 1 2476 2478 2479 AND
1 1 2479 2480 INV
2 1 2472 2474 2481 XOR
2 1 2073 2089 2482 XOR
2 1 2073 2089 2483 AND
1 1 2483 2484 INV
2 1 529 2482 2485 AND
1 1 2485 2486 INV
2 1 2484 2486 2487 AND
1 1 2487 2488 INV
2 1 529 2482 2489 XOR
2 1 2081 2097 2490 XOR
2 1 2081 2097 2491 AND
1 1 2491 2492 INV
2 1 2488 2490 2493 AND
1 1 2493 2494 INV
2 1 2492 2494 2495 AND
1 1 2495 2496 INV
2 1 2488 2490 2497 XOR
2 1 2080 2096 2498 XOR
2 1 2080 2096 2499 AND
1 1 2499 2500 INV
2 1 2496 2498 2501 AND
1 1 2501 2502 INV
2 1 2500 2502 2503 AND
1 1 2503 2504 INV
2 1 2496 2498 2505 XOR
2 1 2105 2121 2506 XOR
2 1 2105 2121 2507 AND
1 1 2507 2508 INV
2 1 529 2506 2509 AND
1 1 2509 2510 INV
2 1 2508 2510 2511 AND
1 1 2511 2512 INV
2 1 529 2506 2513 XOR
2 1 2113 2129 2514 XOR
2 1 2113 2129 2515 AND
1 1 2515 2516 INV
2 1 2512 2514 2517 AND
1 1 2517 2518 INV
2 1 2516 2518 2519 AND
1 1 2519 2520 INV
2 1 2512 2514 2521 XOR
2 1 2112 2128 2522 XOR
2 1 2112 2128 2523 AND
1 1 2523 2524 INV
2 1 2520 2522 2525 AND
1 1 2525 2526 INV
2 1 2524 2526 2527 AND
1 1 2527 2528 INV
2 1 2520 2522 2529 XOR
2 1 2137 2153 2530 XOR
2 1 2137 2153 2531 AND
1 1 2531 2532 INV
2 1 529 2530 2533 AND
1 1 2533 2534 INV
2 1 2532 2534 2535 AND
1 1 2535 2536 INV
2 1 529 2530 2537 XOR
2 1 2145 2161 2538 XOR
2 1 2145 2161 2539 AND
1 1 2539 2540 INV
2 1 2536 2538 2541 AND
1 1 2541 2542 INV
2 1 2540 2542 2543 AND
1 1 2543 2544 INV
2 1 2536 2538 2545 XOR
2 1 2144 2160 2546 XOR
2 1 2144 2160 2547 AND
1 1 2547 2548 INV
2 1 2544 2546 2549 AND
1 1 2549 2550 INV
2 1 2548 2550 2551 AND
1 1 2551 2552 INV
2 1 2544 2546 2553 XOR
2 1 2169 2185 2554 XOR
2 1 2169 2185 2555 AND
1 1 2555 2556 INV
2 1 529 2554 2557 AND
1 1 2557 2558 INV
2 1 2556 2558 2559 AND
1 1 2559 2560 INV
2 1 529 2554 2561 XOR
2 1 2177 2193 2562 XOR
2 1 2177 2193 2563 AND
1 1 2563 2564 INV
2 1 2560 2562 2565 AND
1 1 2565 2566 INV
2 1 2564 2566 2567 AND
1 1 2567 2568 INV
2 1 2560 2562 2569 XOR
2 1 2176 2192 2570 XOR
2 1 2176 2192 2571 AND
1 1 2571 2572 INV
2 1 2568 2570 2573 AND
1 1 2573 2574 INV
2 1 2572 2574 2575 AND
1 1 2575 2576 INV
2 1 2568 2570 2577 XOR
2 1 2201 2225 2578 XOR
2 1 2201 2225 2579 AND
1 1 2579 2580 INV
2 1 529 2578 2581 AND
1 1 2581 2582 INV
2 1 2580 2582 2583 AND
1 1 2583 2584 INV
2 1 529 2578 2585 XOR
2 1 2209 2233 2586 XOR
2 1 2209 2233 2587 AND
1 1 2587 2588 INV
2 1 2584 2586 2589 AND
1 1 2589 2590 INV
2 1 2588 2590 2591 AND
1 1 2591 2592 INV
2 1 2584 2586 2593 XOR
2 1 2217 2241 2594 XOR
2 1 2217 2241 2595 AND
1 1 2595 2596 INV
2 1 2592 2594 2597 AND
1 1 2597 2598 INV
2 1 2596 2598 2599 AND
1 1 2599 2600 INV
2 1 2592 2594 2601 XOR
2 1 2216 2240 2602 XOR
2 1 2216 2240 2603 AND
1 1 2603 2604 INV
2 1 2600 2602 2605 AND
1 1 2605 2606 INV
2 1 2604 2606 2607 AND
1 1 2607 2608 INV
2 1 2600 2602 2609 XOR
2 1 2249 2273 2610 XOR
2 1 2249 2273 2611 AND
1 1 2611 2612 INV
2 1 529 2610 2613 AND
1 1 2613 2614 INV
2 1 2612 2614 2615 AND
1 1 2615 2616 INV
2 1 529 2610 2617 XOR
2 1 2257 2281 2618 XOR
2 1 2257 2281 2619 AND
1 1 2619 2620 INV
2 1 2616 2618 2621 AND
1 1 2621 2622 INV
2 1 2620 2622 2623 AND
1 1 2623 2624 INV
2 1 2616 2618 2625 XOR
2 1 2265 2289 2626 XOR
2 1 2265 2289 2627 AND
1 1 2627 2628 INV
2 1 2624 2626 2629 AND
1 1 2629 2630 INV
2 1 2628 2630 2631 AND
1 1 2631 2632 INV
2 1 2624 2626 2633 XOR
2 1 2264 2288 2634 XOR
2 1 2264 2288 2635 AND
1 1 2635 2636 INV
2 1 2632 2634 2637 AND
1 1 2637 2638 INV
2 1 2636 2638 2639 AND
1 1 2639 2640 INV
2 1 2632 2634 2641 XOR
2 1 2297 2321 2642 XOR
2 1 2297 2321 2643 AND
1 1 2643 2644 INV
2 1 529 2642 2645 AND
1 1 2645 2646 INV
2 1 2644 2646 2647 AND
1 1 2647 2648 INV
2 1 529 2642 2649 XOR
2 1 2305 2329 2650 XOR
2 1 2305 2329 2651 AND
1 1 2651 2652 INV
2 1 2648 2650 2653 AND
1 1 2653 2654 INV
2 1 2652 2654 2655 AND
1 1 2655 2656 INV
2 1 2648 2650 2657 XOR
2 1 2313 2337 2658 XOR
2 1 2313 2337 2659 AND
1 1 2659 2660 INV
2 1 2656 2658 2661 AND
1 1 2661 2662 INV
2 1 2660 2662 2663 AND
1 1 2663 2664 INV
2 1 2656 2658 2665 XOR
2 1 2312 2336 2666 XOR
2 1 2312 2336 2667 AND
1 1 2667 2668 INV
2 1 2664 2666 2669 AND
1 1 2669 2670 INV
2 1 2668 2670 2671 AND
1 1 2671 2672 INV
2 1 2664 2666 2673 XOR
2 1 2345 2369 2674 XOR
2 1 2345 2369 2675 AND
1 1 2675 2676 INV
2 1 529 2674 2677 AND
1 1 2677 2678 INV
2 1 2676 2678 2679 AND
1 1 2679 2680 INV
2 1 529 2674 2681 XOR
2 1 2353 2377 2682 XOR
2 1 2353 2377 2683 AND
1 1 2683 2684 INV
2 1 2680 2682 2685 AND
1 1 2685 2686 INV
2 1 2684 2686 2687 AND
1 1 2687 2688 INV
2 1 2680 2682 2689 XOR
2 1 2361 2385 2690 XOR
2 1 2361 2385 2691 AND
1 1 2691 2692 INV
2 1 2688 2690 2693 AND
1 1 2693 2694 INV
2 1 2692 2694 2695 AND
1 1 2695 2696 INV
2 1 2688 2690 2697 XOR
2 1 2360 2384 2698 XOR
2 1 2360 2384 2699 AND
1 1 2699 2700 INV
2 1 2696 2698 2701 AND
1 1 2701 2702 INV
2 1 2700 2702 2703 AND
1 1 2703 2704 INV
2 1 2696 2698 2705 XOR
2 1 2393 2417 2706 XOR
2 1 2393 2417 2707 AND
1 1 2707 2708 INV
2 1 529 2706 2709 AND
1 1 2709 2710 INV
2 1 2708 2710 2711 AND
1 1 2711 2712 INV
2 1 529 2706 2713 XOR
2 1 2401 2425 2714 XOR
2 1 2401 2425 2715 AND
1 1 2715 2716 INV
2 1 2712 2714 2717 AND
1 1 2717 2718 INV
2 1 2716 2718 2719 AND
1 1 2719 2720 INV
2 1 2712 2714 2721 XOR
2 1 2409 2433 2722 XOR
2 1 2409 2433 2723 AND
1 1 2723 2724 INV
2 1 2720 2722 2725 AND
1 1 2725 2726 INV
2 1 2724 2726 2727 AND
1 1 2727 2728 INV
2 1 2720 2722 2729 XOR
2 1 2408 2432 2730 XOR
2 1 2408 2432 2731 AND
1 1 2731 2732 INV
2 1 2728 2730 2733 AND
1 1 2733 2734 INV
2 1 2732 2734 2735 AND
1 1 2735 2736 INV
2 1 2728 2730 2737 XOR
2 1 2441 2465 2738 XOR
2 1 2441 2465 2739 AND
1 1 2739 2740 INV
2 1 529 2738 2741 AND
1 1 2741 2742 INV
2 1 2740 2742 2743 AND
1 1 2743 2744 INV
2 1 529 2738 2745 XOR
2 1 2449 2473 2746 XOR
2 1 2449 2473 2747 AND
1 1 2747 2748 INV
2 1 2744 2746 2749 AND
1 1 2749 2750 INV
2 1 2748 2750 2751 AND
1 1 2751 2752 INV
2 1 2744 2746 2753 XOR
2 1 2457 2481 2754 XOR
2 1 2457 2481 2755 AND
1 1 2755 2756 INV
2 1 2752 2754 2757 AND
1 1 2757 2758 INV
2 1 2756 2758 2759 AND
1 1 2759 2760 INV
2 1 2752 2754 2761 XOR
2 1 2456 2480 2762 XOR
2 1 2456 2480 2763 AND
1 1 2763 2764 INV
2 1 2760 2762 2765 AND
1 1 2765 2766 INV
2 1 2764 2766 2767 AND
1 1 2767 2768 INV
2 1 2760 2762 2769 XOR
2 1 2489 2513 2770 XOR
2 1 2489 2513 2771 AND
1 1 2771 2772 INV
2 1 529 2770 2773 AND
1 1 2773 2774 INV
2 1 2772 2774 2775 AND
1 1 2775 2776 INV
2 1 529 2770 2777 XOR
2 1 2497 2521 2778 XOR
2 1 2497 2521 2779 AND
1 1 2779 2780 INV
2 1 2776 2778 2781 AND
1 1 2781 2782 INV
2 1 2780 2782 2783 AND
1 1 2783 2784 INV
2 1 2776 2778 2785 XOR
2 1 2505 2529 2786 XOR
2 1 2505 2529 2787 AND
1 1 2787 2788 INV
2 1 2784 2786 2789 AND
1 1 2789 2790 INV
2 1 2788 2790 2791 AND
1 1 2791 2792 INV
2 1 2784 2786 2793 XOR
2 1 2504 2528 2794 XOR
2 1 2504 2528 2795 AND
1 1 2795 2796 INV
2 1 2792 2794 2797 AND
1 1 2797 2798 INV
2 1 2796 2798 2799 AND
1 1 2799 2800 INV
2 1 2792 2794 2801 XOR
2 1 2537 2561 2802 XOR
2 1 2537 2561 2803 AND
1 1 2803 2804 INV
2 1 529 2802 2805 AND
1 1 2805 2806 INV
2 1 2804 2806 2807 AND
1 1 2807 2808 INV
2 1 529 2802 2809 XOR
2 1 2545 2569 2810 XOR
2 1 2545 2569 2811 AND
1 1 2811 2812 INV
2 1 2808 2810 2813 AND
1 1 2813 2814 INV
2 1 2812 2814 2815 AND
1 1 2815 2816 INV
2 1 2808 2810 2817 XOR
2 1 2553 2577 2818 XOR
2 1 2553 2577 2819 AND
1 1 2819 2820 INV
2 1 2816 2818 2821 AND
1 1 2821 2822 INV
2 1 2820 2822 2823 AND
1 1 2823 2824 INV
2 1 2816 2818 2825 XOR
2 1 2552 2576 2826 XOR
2 1 2552 2576 2827 AND
1 1 2827 2828 INV
2 1 2824 2826 2829 AND
1 1 2829 2830 INV
2 1 2828 2830 2831 AND
1 1 2831 2832 INV
2 1 2824 2826 2833 XOR
2 1 2585 2617 2834 XOR
2 1 2585 2617 2835 AND
1 1 2835 2836 INV
2 1 529 2834 2837 AND
1 1 2837 2838 INV
2 1 2836 2838 2839 AND
1 1 2839 2840 INV
2 1 529 2834 2841 XOR
2 1 2593 2625 2842 XOR
2 1 2593 2625 2843 AND
1 1 2843 2844 INV
2 1 2840 2842 2845 AND
1 1 2845 2846 INV
2 1 2844 2846 2847 AND
1 1 2847 2848 INV
2 1 2840 2842 2849 XOR
2 1 2601 2633 2850 XOR
2 1 2601 2633 2851 AND
1 1 2851 2852 INV
2 1 2848 2850 2853 AND
1 1 2853 2854 INV
2 1 2852 2854 2855 AND
1 1 2855 2856 INV
2 1 2848 2850 2857 XOR
2 1 2609 2641 2858 XOR
2 1 2609 2641 2859 AND
1 1 2859 2860 INV
2 1 2856 2858 2861 AND
1 1 2861 2862 INV
2 1 2860 2862 2863 AND
1 1 2863 2864 INV
2 1 2856 2858 2865 XOR
2 1 2608 2640 2866 XOR
2 1 2608 2640 2867 AND
1 1 2867 2868 INV
2 1 2864 2866 2869 AND
1 1 2869 2870 INV
2 1 2868 2870 2871 AND
1 1 2871 2872 INV
2 1 2864 2866 2873 XOR
2 1 2649 2681 2874 XOR
2 1 2649 2681 2875 AND
1 1 2875 2876 INV
2 1 529 2874 2877 AND
1 1 2877 2878 INV
2 1 2876 2878 2879 AND
1 1 2879 2880 INV
2 1 529 2874 2881 XOR
2 1 2657 2689 2882 XOR
2 1 2657 2689 2883 AND
1 1 2883 2884 INV
2 1 2880 2882 2885 AND
1 1 2885 2886 INV
2 1 2884 2886 2887 AND
1 1 2887 2888 INV
2 1 2880 2882 2889 XOR
2 1 2665 2697 2890 XOR
2 1 2665 2697 2891 AND
1 1 2891 2892 INV
2 1 2888 2890 2893 AND
1 1 2893 2894 INV
2 1 2892 2894 2895 AND
1 1 2895 2896 INV
2 1 2888 2890 2897 XOR
2 1 2673 2705 2898 XOR
2 1 2673 2705 2899 AND
1 1 2899 2900 INV
2 1 2896 2898 2901 AND
1 1 2901 2902 INV
2 1 2900 2902 2903 AND
1 1 2903 2904 INV
2 1 2896 2898 2905 XOR
2 1 2672 2704 2906 XOR
2 1 2672 2704 2907 AND
1 1 2907 2908 INV
2 1 2904 2906 2909 AND
1 1 2909 2910 INV
2 1 2908 2910 2911 AND
1 1 2911 2912 INV
2 1 2904 2906 2913 XOR
2 1 2713 2745 2914 XOR
2 1 2713 2745 2915 AND
1 1 2915 2916 INV
2 1 529 2914 2917 AND
1 1 2917 2918 INV
2 1 2916 2918 2919 AND
1 1 2919 2920 INV
2 1 529 2914 2921 XOR
2 1 2721 2753 2922 XOR
2 1 2721 2753 2923 AND
1 1 2923 2924 INV
2 1 2920 2922 2925 AND
1 1 2925 2926 INV
2 1 2924 2926 2927 AND
1 1 2927 2928 INV
2 1 2920 2922 2929 XOR
2 1 2729 2761 2930 XOR
2 1 2729 2761 2931 AND
1 1 2931 2932 INV
2 1 2928 2930 2933 AND
1 1 2933 2934 INV
2 1 2932 2934 2935 AND
1 1 2935 2936 INV
2 1 2928 2930 2937 XOR
2 1 2737 2769 2938 XOR
2 1 2737 2769 2939 AND
1 1 2939 2940 INV
2 1 2936 2938 2941 AND
1 1 2941 2942 INV
2 1 2940 2942 2943 AND
1 1 2943 2944 INV
2 1 2936 2938 2945 XOR
2 1 2736 2768 2946 XOR
2 1 2736 2768 2947 AND
1 1 2947 2948 INV
2 1 2944 2946 2949 AND
1 1 2949 2950 INV
2 1 2948 2950 2951 AND
1 1 2951 2952 INV
2 1 2944 2946 2953 XOR
2 1 2777 2809 2954 XOR
2 1 2777 2809 2955 AND
1 1 2955 2956 INV
2 1 529 2954 2957 AND
1 1 2957 2958 INV
2 1 2956 2958 2959 AND
1 1 2959 2960 INV
2 1 529 2954 2961 XOR
2 1 2785 2817 2962 XOR
2 1 2785 2817 2963 AND
1 1 2963 2964 INV
2 1 2960 2962 2965 AND
1 1 2965 2966 INV
2 1 2964 2966 2967 AND
1 1 2967 2968 INV
2 1 2960 2962 2969 XOR
2 1 2793 2825 2970 XOR
2 1 2793 2825 2971 AND
1 1 2971 2972 INV
2 1 2968 2970 2973 AND
1 1 2973 2974 INV
2 1 2972 2974 2975 AND
1 1 2975 2976 INV
2 1 2968 2970 2977 XOR
2 1 2801 2833 2978 XOR
2 1 2801 2833 2979 AND
1 1 2979 2980 INV
2 1 2976 2978 2981 AND
1 1 2981 2982 INV
2 1 2980 2982 2983 AND
1 1 2983 2984 INV
2 1 2976 2978 2985 XOR
2 1 2800 2832 2986 XOR
2 1 2800 2832 2987 AND
1 1 2987 2988 INV
2 1 2984 2986 2989 AND
1 1 2989 2990 INV
2 1 2988 2990 2991 AND
1 1 2991 2992 INV
2 1 2984 2986 2993 XOR
2 1 2841 2881 2994 XOR
2 1 2841 2881 2995 AND
1 1 2995 2996 INV
2 1 529 2994 2997 AND
1 1 2997 2998 INV
2 1 2996 2998 2999 AND
1 1 2999 3000 INV
2 1 529 2994 3001 XOR
2 1 2849 2889 3002 XOR
2 1 2849 2889 3003 AND
1 1 3003 3004 INV
2 1 3000 3002 3005 AND
1 1 3005 3006 INV
2 1 3004 3006 3007 AND
1 1 3007 3008 INV
2 1 3000 3002 3009 XOR
2 1 2857 2897 3010 XOR
2 1 2857 2897 3011 AND
1 1 3011 3012 INV
2 1 3008 3010 3013 AND
1 1 3013 3014 INV
2 1 3012 3014 3015 AND
1 1 3015 3016 INV
2 1 3008 3010 3017 XOR
2 1 2865 2905 3018 XOR
2 1 2865 2905 3019 AND
1 1 3019 3020 INV
2 1 3016 3018 3021 AND
1 1 3021 3022 INV
2 1 3020 3022 3023 AND
1 1 3023 3024 INV
2 1 3016 3018 3025 XOR
2 1 2873 2913 3026 XOR
2 1 2873 2913 3027 AND
1 1 3027 3028 INV
2 1 3024 3026 3029 AND
1 1 3029 3030 INV
2 1 3028 3030 3031 AND
1 1 3031 3032 INV
2 1 3024 3026 3033 XOR
2 1 2872 2912 3034 XOR
2 1 2872 2912 3035 AND
1 1 3035 3036 INV
2 1 3032 3034 3037 AND
1 1 3037 3038 INV
2 1 3036 3038 3039 AND
1 1 3039 3040 INV
2 1 3032 3034 3041 XOR
2 1 2921 2961 3042 XOR
2 1 2921 2961 3043 AND
1 1 3043 3044 INV
2 1 529 3042 3045 AND
1 1 3045 3046 INV
2 1 3044 3046 3047 AND
1 1 3047 3048 INV
2 1 529 3042 3049 XOR
2 1 2929 2969 3050 XOR
2 1 2929 2969 3051 AND
1 1 3051 3052 INV
2 1 3048 3050 3053 AND
1 1 3053 3054 INV
2 1 3052 3054 3055 AND
1 1 3055 3056 INV
2 1 3048 3050 3057 XOR
2 1 2937 2977 3058 XOR
2 1 2937 2977 3059 AND
1 1 3059 3060 INV
2 1 3056 3058 3061 AND
1 1 3061 3062 INV
2 1 3060 3062 3063 AND
1 1 3063 3064 INV
2 1 3056 3058 3065 XOR
2 1 2945 2985 3066 XOR
2 1 2945 2985 3067 AND
1 1 3067 3068 INV
2 1 3064 3066 3069 AND
1 1 3069 3070 INV
2 1 3068 3070 3071 AND
1 1 3071 3072 INV
2 1 3064 3066 3073 XOR
2 1 2953 2993 3074 XOR
2 1 2953 2993 3075 AND
1 1 3075 3076 INV
2 1 3072 3074 3077 AND
1 1 3077 3078 INV
2 1 3076 3078 3079 AND
1 1 3079 3080 INV
2 1 3072 3074 3081 XOR
2 1 2952 2992 3082 XOR
2 1 2952 2992 3083 AND
1 1 3083 3084 INV
2 1 3080 3082 3085 AND
1 1 3085 3086 INV
2 1 3084 3086 3087 AND
1 1 3087 3088 INV
2 1 3080 3082 3089 XOR
2 1 3001 3049 3090 XOR
2 1 3001 3049 3091 AND
1 1 3091 3092 INV
2 1 529 3090 3093 AND
1 1 3093 3094 INV
2 1 3092 3094 3095 AND
1 1 3095 3096 INV
2 1 529 3090 3097 XOR
2 1 3009 3057 3098 XOR
2 1 3009 3057 3099 AND
1 1 3099 3100 INV
2 1 3096 3098 3101 AND
1 1 3101 3102 INV
2 1 3100 3102 3103 AND
1 1 3103 3104 INV
2 1 3096 3098 3105 XOR
2 1 3017 3065 3106 XOR
2 1 3017 3065 3107 AND
1 1 3107 3108 INV
2 1 3104 3106 3109 AND
1 1 3109 3110 INV
2 1 3108 3110 3111 AND
1 1 3111 3112 INV
2 1 3104 3106 3113 XOR
2 1 3025 3073 3114 XOR
2 1 3025 3073 3115 AND
1 1 3115 3116 INV
2 1 3112 3114 3117 AND
1 1 3117 3118 INV
2 1 3116 3118 3119 AND
1 1 3119 3120 INV
2 1 3112 3114 3121 XOR
2 1 3033 3081 3122 XOR
2 1 3033 3081 3123 AND
1 1 3123 3124 INV
2 1 3120 3122 3125 AND
1 1 3125 3126 INV
2 1 3124 3126 3127 AND
1 1 3127 3128 INV
2 1 3120 3122 3129 XOR
2 1 3041 3089 3130 XOR
2 1 3041 3089 3131 AND
1 1 3131 3132 INV
2 1 3128 3130 3133 AND
1 1 3133 3134 INV
2 1 3132 3134 3135 AND
1 1 3135 3136 INV
2 1 3128 3130 3137 XOR
2 1 3040 3088 3138 XOR
2 1 3040 3088 3139 AND
1 1 3139 3140 INV
2 1 3136 3138 3141 AND
1 1 3141 3142 INV
2 1 3140 3142 3143 AND
1 1 3143 3144 INV
2 1 3136 3138 3145 XOR
1 1 3144 3146 NOT
1 1 3145 3147 NOT
1 1 3137 3148 NOT
1 1 3129 3149 NOT
1 1 3121 3150 NOT
1 1 3113 3151 NOT
1 1 3105 3152 NOT
1 1 3097 3153 NOT
2 1 3146 3147 3154 AND
2 1 3148 3149 3155 AND
2 1 3150 3151 3156 AND
2 1 3152 3153 3157 AND
2 1 3154 3155 3158 AND
2 1 3156 3157 3159 AND
2 1 3158 3159 3160 AND
1 1 3160 3161 NOT
1 1 3161 3162 NOT