631 763
66 66 1

1 1 0 132 INV
2 1 0 132 133 AND
2 1 0 66 134 AND
2 1 1 67 135 XOR
2 1 2 68 136 XOR
1 1 135 137 INV
1 1 136 138 INV
2 1 137 138 139 AND
1 1 139 140 INV
2 1 134 140 141 AND
2 1 3 69 142 AND
2 1 4 70 143 XOR
2 1 5 71 144 XOR
1 1 143 145 INV
1 1 144 146 INV
2 1 145 146 147 AND
1 1 147 148 INV
2 1 142 148 149 AND
2 1 6 72 150 AND
2 1 7 73 151 XOR
2 1 8 74 152 XOR
1 1 151 153 INV
1 1 152 154 INV
2 1 153 154 155 AND
1 1 155 156 INV
2 1 150 156 157 AND
2 1 9 75 158 AND
2 1 10 76 159 XOR
2 1 11 77 160 XOR
1 1 159 161 INV
1 1 160 162 INV
2 1 161 162 163 AND
1 1 163 164 INV
2 1 158 164 165 AND
2 1 12 78 166 AND
2 1 13 79 167 XOR
2 1 14 80 168 XOR
1 1 167 169 INV
1 1 168 170 INV
2 1 169 170 171 AND
1 1 171 172 INV
2 1 166 172 173 AND
2 1 15 81 174 AND
2 1 16 82 175 XOR
2 1 17 83 176 XOR
1 1 175 177 INV
1 1 176 178 INV
2 1 177 178 179 AND
1 1 179 180 INV
2 1 174 180 181 AND
2 1 18 84 182 AND
2 1 19 85 183 XOR
2 1 20 86 184 XOR
1 1 183 185 INV
1 1 184 186 INV
2 1 185 186 187 AND
1 1 187 188 INV
2 1 182 188 189 AND
2 1 21 87 190 AND
2 1 22 88 191 XOR
2 1 23 89 192 XOR
1 1 191 193 INV
1 1 192 194 INV
2 1 193 194 195 AND
1 1 195 196 INV
2 1 190 196 197 AND
2 1 24 90 198 AND
2 1 25 91 199 XOR
2 1 26 92 200 XOR
1 1 199 201 INV
1 1 200 202 INV
2 1 201 202 203 AND
1 1 203 204 INV
2 1 198 204 205 AND
2 1 27 93 206 AND
2 1 28 94 207 XOR
2 1 29 95 208 XOR
1 1 207 209 INV
1 1 208 210 INV
2 1 209 210 211 AND
1 1 211 212 INV
2 1 206 212 213 AND
2 1 30 96 214 AND
2 1 31 97 215 XOR
2 1 32 98 216 XOR
1 1 215 217 INV
1 1 216 218 INV
2 1 217 218 219 AND
1 1 219 220 INV
2 1 214 220 221 AND
2 1 33 99 222 AND
2 1 34 100 223 XOR
2 1 35 101 224 XOR
1 1 223 225 INV
1 1 224 226 INV
2 1 225 226 227 AND
1 1 227 228 INV
2 1 222 228 229 AND
2 1 36 102 230 AND
2 1 37 103 231 XOR
2 1 38 104 232 XOR
1 1 231 233 INV
1 1 232 234 INV
2 1 233 234 235 AND
1 1 235 236 INV
2 1 230 236 237 AND
2 1 39 105 238 AND
2 1 40 106 239 XOR
2 1 41 107 240 XOR
1 1 239 241 INV
1 1 240 242 INV
2 1 241 242 243 AND
1 1 243 244 INV
2 1 238 244 245 AND
2 1 42 108 246 AND
2 1 43 109 247 XOR
2 1 44 110 248 XOR
1 1 247 249 INV
1 1 248 250 INV
2 1 249 250 251 AND
1 1 251 252 INV
2 1 246 252 253 AND
2 1 45 111 254 AND
2 1 46 112 255 XOR
2 1 47 113 256 XOR
1 1 255 257 INV
1 1 256 258 INV
2 1 257 258 259 AND
1 1 259 260 INV
2 1 254 260 261 AND
2 1 48 114 262 AND
2 1 49 115 263 XOR
2 1 50 116 264 XOR
1 1 263 265 INV
1 1 264 266 INV
2 1 265 266 267 AND
1 1 267 268 INV
2 1 262 268 269 AND
2 1 51 117 270 AND
2 1 52 118 271 XOR
2 1 53 119 272 XOR
1 1 271 273 INV
1 1 272 274 INV
2 1 273 274 275 AND
1 1 275 276 INV
2 1 270 276 277 AND
2 1 54 120 278 AND
2 1 55 121 279 XOR
2 1 56 122 280 XOR
1 1 279 281 INV
1 1 280 282 INV
2 1 281 282 283 AND
1 1 283 284 INV
2 1 278 284 285 AND
2 1 57 123 286 AND
2 1 58 124 287 XOR
2 1 59 125 288 XOR
1 1 287 289 INV
1 1 288 290 INV
2 1 289 290 291 AND
1 1 291 292 INV
2 1 286 292 293 AND
2 1 60 126 294 AND
2 1 61 127 295 XOR
2 1 62 128 296 XOR
1 1 295 297 INV
1 1 296 298 INV
2 1 297 298 299 AND
1 1 299 300 INV
2 1 294 300 301 AND
2 1 63 129 302 AND
2 1 64 130 303 XOR
2 1 65 131 304 XOR
1 1 303 305 INV
1 1 304 306 INV
2 1 305 306 307 AND
1 1 307 308 INV
2 1 302 308 309 AND
2 1 133 133 310 AND
2 1 133 133 311 XOR
2 1 133 133 312 XOR
1 1 311 313 INV
1 1 312 314 INV
2 1 313 314 315 AND
1 1 315 316 INV
2 1 310 316 317 AND
2 1 133 133 318 AND
2 1 133 133 319 XOR
2 1 133 133 320 XOR
1 1 319 321 INV
1 1 320 322 INV
2 1 321 322 323 AND
1 1 323 324 INV
2 1 318 324 325 AND
2 1 133 133 326 AND
2 1 133 133 327 XOR
2 1 133 133 328 XOR
1 1 327 329 INV
1 1 328 330 INV
2 1 329 330 331 AND
1 1 331 332 INV
2 1 326 332 333 AND
2 1 133 133 334 AND
2 1 133 133 335 XOR
2 1 133 133 336 XOR
1 1 335 337 INV
1 1 336 338 INV
2 1 337 338 339 AND
1 1 339 340 INV
2 1 334 340 341 AND
2 1 133 133 342 AND
2 1 133 133 343 XOR
2 1 133 133 344 XOR
1 1 343 345 INV
1 1 344 346 INV
2 1 345 346 347 AND
1 1 347 348 INV
2 1 342 348 349 AND
2 1 133 133 350 AND
2 1 133 133 351 XOR
2 1 133 133 352 XOR
1 1 351 353 INV
1 1 352 354 INV
2 1 353 354 355 AND
1 1 355 356 INV
2 1 350 356 357 AND
2 1 133 133 358 AND
2 1 133 133 359 XOR
2 1 133 133 360 XOR
1 1 359 361 INV
1 1 360 362 INV
2 1 361 362 363 AND
1 1 363 364 INV
2 1 358 364 365 AND
2 1 133 133 366 AND
2 1 133 133 367 XOR
2 1 133 133 368 XOR
1 1 367 369 INV
1 1 368 370 INV
2 1 369 370 371 AND
1 1 371 372 INV
2 1 366 372 373 AND
2 1 133 133 374 AND
2 1 133 133 375 XOR
2 1 133 133 376 XOR
1 1 375 377 INV
1 1 376 378 INV
2 1 377 378 379 AND
1 1 379 380 INV
2 1 374 380 381 AND
2 1 133 133 382 AND
2 1 133 133 383 XOR
2 1 133 133 384 XOR
1 1 383 385 INV
1 1 384 386 INV
2 1 385 386 387 AND
1 1 387 388 INV
2 1 382 388 389 AND
2 1 141 149 390 AND
2 1 141 149 391 XOR
2 1 157 165 392 AND
2 1 157 165 393 XOR
2 1 173 181 394 AND
2 1 173 181 395 XOR
2 1 189 197 396 AND
2 1 189 197 397 XOR
2 1 205 213 398 AND
2 1 205 213 399 XOR
2 1 221 229 400 AND
2 1 221 229 401 XOR
2 1 237 245 402 AND
2 1 237 245 403 XOR
2 1 253 261 404 AND
2 1 253 261 405 XOR
2 1 269 277 406 AND
2 1 269 277 407 XOR
2 1 285 293 408 AND
2 1 285 293 409 XOR
2 1 301 309 410 AND
2 1 301 309 411 XOR
2 1 317 325 412 AND
2 1 317 325 413 XOR
2 1 333 341 414 AND
2 1 333 341 415 XOR
2 1 349 357 416 AND
2 1 349 357 417 XOR
2 1 365 373 418 AND
2 1 365 373 419 XOR
2 1 381 389 420 AND
2 1 381 389 421 XOR
2 1 391 393 422 XOR
2 1 391 393 423 AND
1 1 423 424 INV
2 1 133 422 425 AND
1 1 425 426 INV
2 1 424 426 427 AND
1 1 427 428 INV
2 1 133 422 429 XOR
2 1 390 392 430 XOR
2 1 390 392 431 AND
1 1 431 432 INV
2 1 428 430 433 AND
1 1 433 434 INV
2 1 432 434 435 AND
1 1 435 436 INV
2 1 428 430 437 XOR
2 1 395 397 438 XOR
2 1 395 397 439 AND
1 1 439 440 INV
2 1 133 438 441 AND
1 1 441 442 INV
2 1 440 442 443 AND
1 1 443 444 INV
2 1 133 438 445 XOR
2 1 394 396 446 XOR
2 1 394 396 447 AND
1 1 447 448 INV
2 1 444 446 449 AND
1 1 449 450 INV
2 1 448 450 451 AND
1 1 451 452 INV
2 1 444 446 453 XOR
2 1 399 401 454 XOR
2 1 399 401 455 AND
1 1 455 456 INV
2 1 133 454 457 AND
1 1 457 458 INV
2 1 456 458 459 AND
1 1 459 460 INV
2 1 133 454 461 XOR
2 1 398 400 462 XOR
2 1 398 400 463 AND
1 1 463 464 INV
2 1 460 462 465 AND
1 1 465 466 INV
2 1 464 466 467 AND
1 1 467 468 INV
2 1 460 462 469 XOR
2 1 403 405 470 XOR
2 1 403 405 471 AND
1 1 471 472 INV
2 1 133 470 473 AND
1 1 473 474 INV
2 1 472 474 475 AND
1 1 475 476 INV
2 1 133 470 477 XOR
2 1 402 404 478 XOR
2 1 402 404 479 AND
1 1 479 480 INV
2 1 476 478 481 AND
1 1 481 482 INV
2 1 480 482 483 AND
1 1 483 484 INV
2 1 476 478 485 XOR
2 1 407 409 486 XOR
2 1 407 409 487 AND
1 1 487 488 INV
2 1 133 486 489 AND
1 1 489 490 INV
2 1 488 490 491 AND
1 1 491 492 INV
2 1 133 486 493 XOR
2 1 406 408 494 XOR
2 1 406 408 495 AND
1 1 495 496 INV
2 1 492 494 497 AND
1 1 497 498 INV
2 1 496 498 499 AND
1 1 499 500 INV
2 1 492 494 501 XOR
2 1 411 413 502 XOR
2 1 411 413 503 AND
1 1 503 504 INV
2 1 133 502 505 AND
1 1 505 506 INV
2 1 504 506 507 AND
1 1 507 508 INV
2 1 133 502 509 XOR
2 1 410 412 510 XOR
2 1 410 412 511 AND
1 1 511 512 INV
2 1 508 510 513 AND
1 1 513 514 INV
2 1 512 514 515 AND
1 1 515 516 INV
2 1 508 510 517 XOR
2 1 415 417 518 XOR
2 1 415 417 519 AND
1 1 519 520 INV
2 1 133 518 521 AND
1 1 521 522 INV
2 1 520 522 523 AND
1 1 523 524 INV
2 1 133 518 525 XOR
2 1 414 416 526 XOR
2 1 414 416 527 AND
1 1 527 528 INV
2 1 524 526 529 AND
1 1 529 530 INV
2 1 528 530 531 AND
1 1 531 532 INV
2 1 524 526 533 XOR
2 1 419 421 534 XOR
2 1 419 421 535 AND
1 1 535 536 INV
2 1 133 534 537 AND
1 1 537 538 INV
2 1 536 538 539 AND
1 1 539 540 INV
2 1 133 534 541 XOR
2 1 418 420 542 XOR
2 1 418 420 543 AND
1 1 543 544 INV
2 1 540 542 545 AND
1 1 545 546 INV
2 1 544 546 547 AND
1 1 547 548 INV
2 1 540 542 549 XOR
2 1 429 445 550 XOR
2 1 429 445 551 AND
1 1 551 552 INV
2 1 133 550 553 AND
1 1 553 554 INV
2 1 552 554 555 AND
1 1 555 556 INV
2 1 133 550 557 XOR
2 1 437 453 558 XOR
2 1 437 453 559 AND
1 1 559 560 INV
2 1 556 558 561 AND
1 1 561 562 INV
2 1 560 562 563 AND
1 1 563 564 INV
2 1 556 558 565 XOR
2 1 436 452 566 XOR
2 1 436 452 567 AND
1 1 567 568 INV
2 1 564 566 569 AND
1 1 569 570 INV
2 1 568 570 571 AND
1 1 571 572 INV
2 1 564 566 573 XOR
2 1 461 477 574 XOR
2 1 461 477 575 AND
1 1 575 576 INV
2 1 133 574 577 AND
1 1 577 578 INV
2 1 576 578 579 AND
1 1 579 580 INV
2 1 133 574 581 XOR
2 1 469 485 582 XOR
2 1 469 485 583 AND
1 1 583 584 INV
2 1 580 582 585 AND
1 1 585 586 INV
2 1 584 586 587 AND
1 1 587 588 INV
2 1 580 582 589 XOR
2 1 468 484 590 XOR
2 1 468 484 591 AND
1 1 591 592 INV
2 1 588 590 593 AND
1 1 593 594 INV
2 1 592 594 595 AND
1 1 595 596 INV
2 1 588 590 597 XOR
2 1 493 509 598 XOR
2 1 493 509 599 AND
1 1 599 600 INV
2 1 133 598 601 AND
1 1 601 602 INV
2 1 600 602 603 AND
1 1 603 604 INV
2 1 133 598 605 XOR
2 1 501 517 606 XOR
2 1 501 517 607 AND
1 1 607 608 INV
2 1 604 606 609 AND
1 1 609 610 INV
2 1 608 610 611 AND
1 1 611 612 INV
2 1 604 606 613 XOR
2 1 500 516 614 XOR
2 1 500 516 615 AND
1 1 615 616 INV
2 1 612 614 617 AND
1 1 617 618 INV
2 1 616 618 619 AND
1 1 619 620 INV
2 1 612 614 621 XOR
2 1 525 541 622 XOR
2 1 525 541 623 AND
1 1 623 624 INV
2 1 133 622 625 AND
1 1 625 626 INV
2 1 624 626 627 AND
1 1 627 628 INV
2 1 133 622 629 XOR
2 1 533 549 630 XOR
2 1 533 549 631 AND
1 1 631 632 INV
2 1 628 630 633 AND
1 1 633 634 INV
2 1 632 634 635 AND
1 1 635 636 INV
2 1 628 630 637 XOR
2 1 532 548 638 XOR
2 1 532 548 639 AND
1 1 639 640 INV
2 1 636 638 641 AND
1 1 641 642 INV
2 1 640 642 643 AND
1 1 643 644 INV
2 1 636 638 645 XOR
2 1 557 581 646 XOR
2 1 557 581 647 AND
1 1 647 648 INV
2 1 133 646 649 AND
1 1 649 650 INV
2 1 648 650 651 AND
1 1 651 652 INV
2 1 133 646 653 XOR
2 1 565 589 654 XOR
2 1 565 589 655 AND
1 1 655 656 INV
2 1 652 654 657 AND
1 1 657 658 INV
2 1 656 658 659 AND
1 1 659 660 INV
2 1 652 654 661 XOR
2 1 573 597 662 XOR
2 1 573 597 663 AND
1 1 663 664 INV
2 1 660 662 665 AND
1 1 665 666 INV
2 1 664 666 667 AND
1 1 667 668 INV
2 1 660 662 669 XOR
2 1 572 596 670 XOR
2 1 572 596 671 AND
1 1 671 672 INV
2 1 668 670 673 AND
1 1 673 674 INV
2 1 672 674 675 AND
1 1 675 676 INV
2 1 668 670 677 XOR
2 1 605 629 678 XOR
2 1 605 629 679 AND
1 1 679 680 INV
2 1 133 678 681 AND
1 1 681 682 INV
2 1 680 682 683 AND
1 1 683 684 INV
2 1 133 678 685 XOR
2 1 613 637 686 XOR
2 1 613 637 687 AND
1 1 687 688 INV
2 1 684 686 689 AND
1 1 689 690 INV
2 1 688 690 691 AND
1 1 691 692 INV
2 1 684 686 693 XOR
2 1 621 645 694 XOR
2 1 621 645 695 AND
1 1 695 696 INV
2 1 692 694 697 AND
1 1 697 698 INV
2 1 696 698 699 AND
1 1 699 700 INV
2 1 692 694 701 XOR
2 1 620 644 702 XOR
2 1 620 644 703 AND
1 1 703 704 INV
2 1 700 702 705 AND
1 1 705 706 INV
2 1 704 706 707 AND
1 1 707 708 INV
2 1 700 702 709 XOR
2 1 653 685 710 XOR
2 1 653 685 711 AND
1 1 711 712 INV
2 1 133 710 713 AND
1 1 713 714 INV
2 1 712 714 715 AND
1 1 715 716 INV
2 1 133 710 717 XOR
2 1 661 693 718 XOR
2 1 661 693 719 AND
1 1 719 720 INV
2 1 716 718 721 AND
1 1 721 722 INV
2 1 720 722 723 AND
1 1 723 724 INV
2 1 716 718 725 XOR
2 1 669 701 726 XOR
2 1 669 701 727 AND
1 1 727 728 INV
2 1 724 726 729 AND
1 1 729 730 INV
2 1 728 730 731 AND
1 1 731 732 INV
2 1 724 726 733 XOR
2 1 677 709 734 XOR
2 1 677 709 735 AND
1 1 735 736 INV
2 1 732 734 737 AND
1 1 737 738 INV
2 1 736 738 739 AND
1 1 739 740 INV
2 1 732 734 741 XOR
2 1 676 708 742 XOR
2 1 676 708 743 AND
1 1 743 744 INV
2 1 740 742 745 AND
1 1 745 746 INV
2 1 744 746 747 AND
1 1 747 748 INV
2 1 740 742 749 XOR
1 1 748 750 NOT
1 1 749 751 NOT
1 1 741 752 NOT
1 1 733 753 NOT
1 1 725 754 NOT
1 1 717 755 NOT
2 1 750 751 756 AND
2 1 752 753 757 AND
2 1 754 755 758 AND
2 1 756 757 759 AND
2 1 758 759 760 AND
1 1 760 761 NOT
1 1 761 762 NOT