301 361
30 30 1

1 1 0 60 INV
2 1 0 60 61 AND
2 1 0 30 62 AND
2 1 1 31 63 XOR
2 1 2 32 64 XOR
1 1 63 65 INV
1 1 64 66 INV
2 1 65 66 67 AND
1 1 67 68 INV
2 1 62 68 69 AND
2 1 3 33 70 AND
2 1 4 34 71 XOR
2 1 5 35 72 XOR
1 1 71 73 INV
1 1 72 74 INV
2 1 73 74 75 AND
1 1 75 76 INV
2 1 70 76 77 AND
2 1 6 36 78 AND
2 1 7 37 79 XOR
2 1 8 38 80 XOR
1 1 79 81 INV
1 1 80 82 INV
2 1 81 82 83 AND
1 1 83 84 INV
2 1 78 84 85 AND
2 1 9 39 86 AND
2 1 10 40 87 XOR
2 1 11 41 88 XOR
1 1 87 89 INV
1 1 88 90 INV
2 1 89 90 91 AND
1 1 91 92 INV
2 1 86 92 93 AND
2 1 12 42 94 AND
2 1 13 43 95 XOR
2 1 14 44 96 XOR
1 1 95 97 INV
1 1 96 98 INV
2 1 97 98 99 AND
1 1 99 100 INV
2 1 94 100 101 AND
2 1 15 45 102 AND
2 1 16 46 103 XOR
2 1 17 47 104 XOR
1 1 103 105 INV
1 1 104 106 INV
2 1 105 106 107 AND
1 1 107 108 INV
2 1 102 108 109 AND
2 1 18 48 110 AND
2 1 19 49 111 XOR
2 1 20 50 112 XOR
1 1 111 113 INV
1 1 112 114 INV
2 1 113 114 115 AND
1 1 115 116 INV
2 1 110 116 117 AND
2 1 21 51 118 AND
2 1 22 52 119 XOR
2 1 23 53 120 XOR
1 1 119 121 INV
1 1 120 122 INV
2 1 121 122 123 AND
1 1 123 124 INV
2 1 118 124 125 AND
2 1 24 54 126 AND
2 1 25 55 127 XOR
2 1 26 56 128 XOR
1 1 127 129 INV
1 1 128 130 INV
2 1 129 130 131 AND
1 1 131 132 INV
2 1 126 132 133 AND
2 1 27 57 134 AND
2 1 28 58 135 XOR
2 1 29 59 136 XOR
1 1 135 137 INV
1 1 136 138 INV
2 1 137 138 139 AND
1 1 139 140 INV
2 1 134 140 141 AND
2 1 61 61 142 AND
2 1 61 61 143 XOR
2 1 61 61 144 XOR
1 1 143 145 INV
1 1 144 146 INV
2 1 145 146 147 AND
1 1 147 148 INV
2 1 142 148 149 AND
2 1 61 61 150 AND
2 1 61 61 151 XOR
2 1 61 61 152 XOR
1 1 151 153 INV
1 1 152 154 INV
2 1 153 154 155 AND
1 1 155 156 INV
2 1 150 156 157 AND
2 1 61 61 158 AND
2 1 61 61 159 XOR
2 1 61 61 160 XOR
1 1 159 161 INV
1 1 160 162 INV
2 1 161 162 163 AND
1 1 163 164 INV
2 1 158 164 165 AND
2 1 61 61 166 AND
2 1 61 61 167 XOR
2 1 61 61 168 XOR
1 1 167 169 INV
1 1 168 170 INV
2 1 169 170 171 AND
1 1 171 172 INV
2 1 166 172 173 AND
2 1 61 61 174 AND
2 1 61 61 175 XOR
2 1 61 61 176 XOR
1 1 175 177 INV
1 1 176 178 INV
2 1 177 178 179 AND
1 1 179 180 INV
2 1 174 180 181 AND
2 1 61 61 182 AND
2 1 61 61 183 XOR
2 1 61 61 184 XOR
1 1 183 185 INV
1 1 184 186 INV
2 1 185 186 187 AND
1 1 187 188 INV
2 1 182 188 189 AND
2 1 69 77 190 AND
2 1 69 77 191 XOR
2 1 85 93 192 AND
2 1 85 93 193 XOR
2 1 101 109 194 AND
2 1 101 109 195 XOR
2 1 117 125 196 AND
2 1 117 125 197 XOR
2 1 133 141 198 AND
2 1 133 141 199 XOR
2 1 149 157 200 AND
2 1 149 157 201 XOR
2 1 165 173 202 AND
2 1 165 173 203 XOR
2 1 181 189 204 AND
2 1 181 189 205 XOR
2 1 191 193 206 XOR
2 1 191 193 207 AND
1 1 207 208 INV
2 1 61 206 209 AND
1 1 209 210 INV
2 1 208 210 211 AND
1 1 211 212 INV
2 1 61 206 213 XOR
2 1 190 192 214 XOR
2 1 190 192 215 AND
1 1 215 216 INV
2 1 212 214 217 AND
1 1 217 218 INV
2 1 216 218 219 AND
1 1 219 220 INV
2 1 212 214 221 XOR
2 1 195 197 222 XOR
2 1 195 197 223 AND
1 1 223 224 INV
2 1 61 222 225 AND
1 1 225 226 INV
2 1 224 226 227 AND
1 1 227 228 INV
2 1 61 222 229 XOR
2 1 194 196 230 XOR
2 1 194 196 231 AND
1 1 231 232 INV
2 1 228 230 233 AND
1 1 233 234 INV
2 1 232 234 235 AND
1 1 235 236 INV
2 1 228 230 237 XOR
2 1 199 201 238 XOR
2 1 199 201 239 AND
1 1 239 240 INV
2 1 61 238 241 AND
1 1 241 242 INV
2 1 240 242 243 AND
1 1 243 244 INV
2 1 61 238 245 XOR
2 1 198 200 246 XOR
2 1 198 200 247 AND
1 1 247 248 INV
2 1 244 246 249 AND
1 1 249 250 INV
2 1 248 250 251 AND
1 1 251 252 INV
2 1 244 246 253 XOR
2 1 203 205 254 XOR
2 1 203 205 255 AND
1 1 255 256 INV
2 1 61 254 257 AND
1 1 257 258 INV
2 1 256 258 259 AND
1 1 259 260 INV
2 1 61 254 261 XOR
2 1 202 204 262 XOR
2 1 202 204 263 AND
1 1 263 264 INV
2 1 260 262 265 AND
1 1 265 266 INV
2 1 264 266 267 AND
1 1 267 268 INV
2 1 260 262 269 XOR
2 1 213 229 270 XOR
2 1 213 229 271 AND
1 1 271 272 INV
2 1 61 270 273 AND
1 1 273 274 INV
2 1 272 274 275 AND
1 1 275 276 INV
2 1 61 270 277 XOR
2 1 221 237 278 XOR
2 1 221 237 279 AND
1 1 279 280 INV
2 1 276 278 281 AND
1 1 281 282 INV
2 1 280 282 283 AND
1 1 283 284 INV
2 1 276 278 285 XOR
2 1 220 236 286 XOR
2 1 220 236 287 AND
1 1 287 288 INV
2 1 284 286 289 AND
1 1 289 290 INV
2 1 288 290 291 AND
1 1 291 292 INV
2 1 284 286 293 XOR
2 1 245 261 294 XOR
2 1 245 261 295 AND
1 1 295 296 INV
2 1 61 294 297 AND
1 1 297 298 INV
2 1 296 298 299 AND
1 1 299 300 INV
2 1 61 294 301 XOR
2 1 253 269 302 XOR
2 1 253 269 303 AND
1 1 303 304 INV
2 1 300 302 305 AND
1 1 305 306 INV
2 1 304 306 307 AND
1 1 307 308 INV
2 1 300 302 309 XOR
2 1 252 268 310 XOR
2 1 252 268 311 AND
1 1 311 312 INV
2 1 308 310 313 AND
1 1 313 314 INV
2 1 312 314 315 AND
1 1 315 316 INV
2 1 308 310 317 XOR
2 1 277 301 318 XOR
2 1 277 301 319 AND
1 1 319 320 INV
2 1 61 318 321 AND
1 1 321 322 INV
2 1 320 322 323 AND
1 1 323 324 INV
2 1 61 318 325 XOR
2 1 285 309 326 XOR
2 1 285 309 327 AND
1 1 327 328 INV
2 1 324 326 329 AND
1 1 329 330 INV
2 1 328 330 331 AND
1 1 331 332 INV
2 1 324 326 333 XOR
2 1 293 317 334 XOR
2 1 293 317 335 AND
1 1 335 336 INV
2 1 332 334 337 AND
1 1 337 338 INV
2 1 336 338 339 AND
1 1 339 340 INV
2 1 332 334 341 XOR
2 1 292 316 342 XOR
2 1 292 316 343 AND
1 1 343 344 INV
2 1 340 342 345 AND
1 1 345 346 INV
2 1 344 346 347 AND
1 1 347 348 INV
2 1 340 342 349 XOR
1 1 348 350 NOT
1 1 349 351 NOT
1 1 341 352 NOT
1 1 333 353 NOT
1 1 325 354 NOT
2 1 350 351 355 AND
2 1 352 353 356 AND
2 1 354 355 357 AND
2 1 356 357 358 AND
1 1 358 359 NOT
1 1 359 360 NOT