631 757
63 63 1

1 1 0 126 INV
2 1 0 126 127 AND
2 1 0 63 128 AND
2 1 1 64 129 XOR
2 1 2 65 130 XOR
1 1 129 131 INV
1 1 130 132 INV
2 1 131 132 133 AND
1 1 133 134 INV
2 1 128 134 135 AND
2 1 3 66 136 AND
2 1 4 67 137 XOR
2 1 5 68 138 XOR
1 1 137 139 INV
1 1 138 140 INV
2 1 139 140 141 AND
1 1 141 142 INV
2 1 136 142 143 AND
2 1 6 69 144 AND
2 1 7 70 145 XOR
2 1 8 71 146 XOR
1 1 145 147 INV
1 1 146 148 INV
2 1 147 148 149 AND
1 1 149 150 INV
2 1 144 150 151 AND
2 1 9 72 152 AND
2 1 10 73 153 XOR
2 1 11 74 154 XOR
1 1 153 155 INV
1 1 154 156 INV
2 1 155 156 157 AND
1 1 157 158 INV
2 1 152 158 159 AND
2 1 12 75 160 AND
2 1 13 76 161 XOR
2 1 14 77 162 XOR
1 1 161 163 INV
1 1 162 164 INV
2 1 163 164 165 AND
1 1 165 166 INV
2 1 160 166 167 AND
2 1 15 78 168 AND
2 1 16 79 169 XOR
2 1 17 80 170 XOR
1 1 169 171 INV
1 1 170 172 INV
2 1 171 172 173 AND
1 1 173 174 INV
2 1 168 174 175 AND
2 1 18 81 176 AND
2 1 19 82 177 XOR
2 1 20 83 178 XOR
1 1 177 179 INV
1 1 178 180 INV
2 1 179 180 181 AND
1 1 181 182 INV
2 1 176 182 183 AND
2 1 21 84 184 AND
2 1 22 85 185 XOR
2 1 23 86 186 XOR
1 1 185 187 INV
1 1 186 188 INV
2 1 187 188 189 AND
1 1 189 190 INV
2 1 184 190 191 AND
2 1 24 87 192 AND
2 1 25 88 193 XOR
2 1 26 89 194 XOR
1 1 193 195 INV
1 1 194 196 INV
2 1 195 196 197 AND
1 1 197 198 INV
2 1 192 198 199 AND
2 1 27 90 200 AND
2 1 28 91 201 XOR
2 1 29 92 202 XOR
1 1 201 203 INV
1 1 202 204 INV
2 1 203 204 205 AND
1 1 205 206 INV
2 1 200 206 207 AND
2 1 30 93 208 AND
2 1 31 94 209 XOR
2 1 32 95 210 XOR
1 1 209 211 INV
1 1 210 212 INV
2 1 211 212 213 AND
1 1 213 214 INV
2 1 208 214 215 AND
2 1 33 96 216 AND
2 1 34 97 217 XOR
2 1 35 98 218 XOR
1 1 217 219 INV
1 1 218 220 INV
2 1 219 220 221 AND
1 1 221 222 INV
2 1 216 222 223 AND
2 1 36 99 224 AND
2 1 37 100 225 XOR
2 1 38 101 226 XOR
1 1 225 227 INV
1 1 226 228 INV
2 1 227 228 229 AND
1 1 229 230 INV
2 1 224 230 231 AND
2 1 39 102 232 AND
2 1 40 103 233 XOR
2 1 41 104 234 XOR
1 1 233 235 INV
1 1 234 236 INV
2 1 235 236 237 AND
1 1 237 238 INV
2 1 232 238 239 AND
2 1 42 105 240 AND
2 1 43 106 241 XOR
2 1 44 107 242 XOR
1 1 241 243 INV
1 1 242 244 INV
2 1 243 244 245 AND
1 1 245 246 INV
2 1 240 246 247 AND
2 1 45 108 248 AND
2 1 46 109 249 XOR
2 1 47 110 250 XOR
1 1 249 251 INV
1 1 250 252 INV
2 1 251 252 253 AND
1 1 253 254 INV
2 1 248 254 255 AND
2 1 48 111 256 AND
2 1 49 112 257 XOR
2 1 50 113 258 XOR
1 1 257 259 INV
1 1 258 260 INV
2 1 259 260 261 AND
1 1 261 262 INV
2 1 256 262 263 AND
2 1 51 114 264 AND
2 1 52 115 265 XOR
2 1 53 116 266 XOR
1 1 265 267 INV
1 1 266 268 INV
2 1 267 268 269 AND
1 1 269 270 INV
2 1 264 270 271 AND
2 1 54 117 272 AND
2 1 55 118 273 XOR
2 1 56 119 274 XOR
1 1 273 275 INV
1 1 274 276 INV
2 1 275 276 277 AND
1 1 277 278 INV
2 1 272 278 279 AND
2 1 57 120 280 AND
2 1 58 121 281 XOR
2 1 59 122 282 XOR
1 1 281 283 INV
1 1 282 284 INV
2 1 283 284 285 AND
1 1 285 286 INV
2 1 280 286 287 AND
2 1 60 123 288 AND
2 1 61 124 289 XOR
2 1 62 125 290 XOR
1 1 289 291 INV
1 1 290 292 INV
2 1 291 292 293 AND
1 1 293 294 INV
2 1 288 294 295 AND
2 1 127 127 296 AND
2 1 127 127 297 XOR
2 1 127 127 298 XOR
1 1 297 299 INV
1 1 298 300 INV
2 1 299 300 301 AND
1 1 301 302 INV
2 1 296 302 303 AND
2 1 127 127 304 AND
2 1 127 127 305 XOR
2 1 127 127 306 XOR
1 1 305 307 INV
1 1 306 308 INV
2 1 307 308 309 AND
1 1 309 310 INV
2 1 304 310 311 AND
2 1 127 127 312 AND
2 1 127 127 313 XOR
2 1 127 127 314 XOR
1 1 313 315 INV
1 1 314 316 INV
2 1 315 316 317 AND
1 1 317 318 INV
2 1 312 318 319 AND
2 1 127 127 320 AND
2 1 127 127 321 XOR
2 1 127 127 322 XOR
1 1 321 323 INV
1 1 322 324 INV
2 1 323 324 325 AND
1 1 325 326 INV
2 1 320 326 327 AND
2 1 127 127 328 AND
2 1 127 127 329 XOR
2 1 127 127 330 XOR
1 1 329 331 INV
1 1 330 332 INV
2 1 331 332 333 AND
1 1 333 334 INV
2 1 328 334 335 AND
2 1 127 127 336 AND
2 1 127 127 337 XOR
2 1 127 127 338 XOR
1 1 337 339 INV
1 1 338 340 INV
2 1 339 340 341 AND
1 1 341 342 INV
2 1 336 342 343 AND
2 1 127 127 344 AND
2 1 127 127 345 XOR
2 1 127 127 346 XOR
1 1 345 347 INV
1 1 346 348 INV
2 1 347 348 349 AND
1 1 349 350 INV
2 1 344 350 351 AND
2 1 127 127 352 AND
2 1 127 127 353 XOR
2 1 127 127 354 XOR
1 1 353 355 INV
1 1 354 356 INV
2 1 355 356 357 AND
1 1 357 358 INV
2 1 352 358 359 AND
2 1 127 127 360 AND
2 1 127 127 361 XOR
2 1 127 127 362 XOR
1 1 361 363 INV
1 1 362 364 INV
2 1 363 364 365 AND
1 1 365 366 INV
2 1 360 366 367 AND
2 1 127 127 368 AND
2 1 127 127 369 XOR
2 1 127 127 370 XOR
1 1 369 371 INV
1 1 370 372 INV
2 1 371 372 373 AND
1 1 373 374 INV
2 1 368 374 375 AND
2 1 127 127 376 AND
2 1 127 127 377 XOR
2 1 127 127 378 XOR
1 1 377 379 INV
1 1 378 380 INV
2 1 379 380 381 AND
1 1 381 382 INV
2 1 376 382 383 AND
2 1 135 143 384 AND
2 1 135 143 385 XOR
2 1 151 159 386 AND
2 1 151 159 387 XOR
2 1 167 175 388 AND
2 1 167 175 389 XOR
2 1 183 191 390 AND
2 1 183 191 391 XOR
2 1 199 207 392 AND
2 1 199 207 393 XOR
2 1 215 223 394 AND
2 1 215 223 395 XOR
2 1 231 239 396 AND
2 1 231 239 397 XOR
2 1 247 255 398 AND
2 1 247 255 399 XOR
2 1 263 271 400 AND
2 1 263 271 401 XOR
2 1 279 287 402 AND
2 1 279 287 403 XOR
2 1 295 303 404 AND
2 1 295 303 405 XOR
2 1 311 319 406 AND
2 1 311 319 407 XOR
2 1 327 335 408 AND
2 1 327 335 409 XOR
2 1 343 351 410 AND
2 1 343 351 411 XOR
2 1 359 367 412 AND
2 1 359 367 413 XOR
2 1 375 383 414 AND
2 1 375 383 415 XOR
2 1 385 387 416 XOR
2 1 385 387 417 AND
1 1 417 418 INV
2 1 127 416 419 AND
1 1 419 420 INV
2 1 418 420 421 AND
1 1 421 422 INV
2 1 127 416 423 XOR
2 1 384 386 424 XOR
2 1 384 386 425 AND
1 1 425 426 INV
2 1 422 424 427 AND
1 1 427 428 INV
2 1 426 428 429 AND
1 1 429 430 INV
2 1 422 424 431 XOR
2 1 389 391 432 XOR
2 1 389 391 433 AND
1 1 433 434 INV
2 1 127 432 435 AND
1 1 435 436 INV
2 1 434 436 437 AND
1 1 437 438 INV
2 1 127 432 439 XOR
2 1 388 390 440 XOR
2 1 388 390 441 AND
1 1 441 442 INV
2 1 438 440 443 AND
1 1 443 444 INV
2 1 442 444 445 AND
1 1 445 446 INV
2 1 438 440 447 XOR
2 1 393 395 448 XOR
2 1 393 395 449 AND
1 1 449 450 INV
2 1 127 448 451 AND
1 1 451 452 INV
2 1 450 452 453 AND
1 1 453 454 INV
2 1 127 448 455 XOR
2 1 392 394 456 XOR
2 1 392 394 457 AND
1 1 457 458 INV
2 1 454 456 459 AND
1 1 459 460 INV
2 1 458 460 461 AND
1 1 461 462 INV
2 1 454 456 463 XOR
2 1 397 399 464 XOR
2 1 397 399 465 AND
1 1 465 466 INV
2 1 127 464 467 AND
1 1 467 468 INV
2 1 466 468 469 AND
1 1 469 470 INV
2 1 127 464 471 XOR
2 1 396 398 472 XOR
2 1 396 398 473 AND
1 1 473 474 INV
2 1 470 472 475 AND
1 1 475 476 INV
2 1 474 476 477 AND
1 1 477 478 INV
2 1 470 472 479 XOR
2 1 401 403 480 XOR
2 1 401 403 481 AND
1 1 481 482 INV
2 1 127 480 483 AND
1 1 483 484 INV
2 1 482 484 485 AND
1 1 485 486 INV
2 1 127 480 487 XOR
2 1 400 402 488 XOR
2 1 400 402 489 AND
1 1 489 490 INV
2 1 486 488 491 AND
1 1 491 492 INV
2 1 490 492 493 AND
1 1 493 494 INV
2 1 486 488 495 XOR
2 1 405 407 496 XOR
2 1 405 407 497 AND
1 1 497 498 INV
2 1 127 496 499 AND
1 1 499 500 INV
2 1 498 500 501 AND
1 1 501 502 INV
2 1 127 496 503 XOR
2 1 404 406 504 XOR
2 1 404 406 505 AND
1 1 505 506 INV
2 1 502 504 507 AND
1 1 507 508 INV
2 1 506 508 509 AND
1 1 509 510 INV
2 1 502 504 511 XOR
2 1 409 411 512 XOR
2 1 409 411 513 AND
1 1 513 514 INV
2 1 127 512 515 AND
1 1 515 516 INV
2 1 514 516 517 AND
1 1 517 518 INV
2 1 127 512 519 XOR
2 1 408 410 520 XOR
2 1 408 410 521 AND
1 1 521 522 INV
2 1 518 520 523 AND
1 1 523 524 INV
2 1 522 524 525 AND
1 1 525 526 INV
2 1 518 520 527 XOR
2 1 413 415 528 XOR
2 1 413 415 529 AND
1 1 529 530 INV
2 1 127 528 531 AND
1 1 531 532 INV
2 1 530 532 533 AND
1 1 533 534 INV
2 1 127 528 535 XOR
2 1 412 414 536 XOR
2 1 412 414 537 AND
1 1 537 538 INV
2 1 534 536 539 AND
1 1 539 540 INV
2 1 538 540 541 AND
1 1 541 542 INV
2 1 534 536 543 XOR
2 1 423 439 544 XOR
2 1 423 439 545 AND
1 1 545 546 INV
2 1 127 544 547 AND
1 1 547 548 INV
2 1 546 548 549 AND
1 1 549 550 INV
2 1 127 544 551 XOR
2 1 431 447 552 XOR
2 1 431 447 553 AND
1 1 553 554 INV
2 1 550 552 555 AND
1 1 555 556 INV
2 1 554 556 557 AND
1 1 557 558 INV
2 1 550 552 559 XOR
2 1 430 446 560 XOR
2 1 430 446 561 AND
1 1 561 562 INV
2 1 558 560 563 AND
1 1 563 564 INV
2 1 562 564 565 AND
1 1 565 566 INV
2 1 558 560 567 XOR
2 1 455 471 568 XOR
2 1 455 471 569 AND
1 1 569 570 INV
2 1 127 568 571 AND
1 1 571 572 INV
2 1 570 572 573 AND
1 1 573 574 INV
2 1 127 568 575 XOR
2 1 463 479 576 XOR
2 1 463 479 577 AND
1 1 577 578 INV
2 1 574 576 579 AND
1 1 579 580 INV
2 1 578 580 581 AND
1 1 581 582 INV
2 1 574 576 583 XOR
2 1 462 478 584 XOR
2 1 462 478 585 AND
1 1 585 586 INV
2 1 582 584 587 AND
1 1 587 588 INV
2 1 586 588 589 AND
1 1 589 590 INV
2 1 582 584 591 XOR
2 1 487 503 592 XOR
2 1 487 503 593 AND
1 1 593 594 INV
2 1 127 592 595 AND
1 1 595 596 INV
2 1 594 596 597 AND
1 1 597 598 INV
2 1 127 592 599 XOR
2 1 495 511 600 XOR
2 1 495 511 601 AND
1 1 601 602 INV
2 1 598 600 603 AND
1 1 603 604 INV
2 1 602 604 605 AND
1 1 605 606 INV
2 1 598 600 607 XOR
2 1 494 510 608 XOR
2 1 494 510 609 AND
1 1 609 610 INV
2 1 606 608 611 AND
1 1 611 612 INV
2 1 610 612 613 AND
1 1 613 614 INV
2 1 606 608 615 XOR
2 1 519 535 616 XOR
2 1 519 535 617 AND
1 1 617 618 INV
2 1 127 616 619 AND
1 1 619 620 INV
2 1 618 620 621 AND
1 1 621 622 INV
2 1 127 616 623 XOR
2 1 527 543 624 XOR
2 1 527 543 625 AND
1 1 625 626 INV
2 1 622 624 627 AND
1 1 627 628 INV
2 1 626 628 629 AND
1 1 629 630 INV
2 1 622 624 631 XOR
2 1 526 542 632 XOR
2 1 526 542 633 AND
1 1 633 634 INV
2 1 630 632 635 AND
1 1 635 636 INV
2 1 634 636 637 AND
1 1 637 638 INV
2 1 630 632 639 XOR
2 1 551 575 640 XOR
2 1 551 575 641 AND
1 1 641 642 INV
2 1 127 640 643 AND
1 1 643 644 INV
2 1 642 644 645 AND
1 1 645 646 INV
2 1 127 640 647 XOR
2 1 559 583 648 XOR
2 1 559 583 649 AND
1 1 649 650 INV
2 1 646 648 651 AND
1 1 651 652 INV
2 1 650 652 653 AND
1 1 653 654 INV
2 1 646 648 655 XOR
2 1 567 591 656 XOR
2 1 567 591 657 AND
1 1 657 658 INV
2 1 654 656 659 AND
1 1 659 660 INV
2 1 658 660 661 AND
1 1 661 662 INV
2 1 654 656 663 XOR
2 1 566 590 664 XOR
2 1 566 590 665 AND
1 1 665 666 INV
2 1 662 664 667 AND
1 1 667 668 INV
2 1 666 668 669 AND
1 1 669 670 INV
2 1 662 664 671 XOR
2 1 599 623 672 XOR
2 1 599 623 673 AND
1 1 673 674 INV
2 1 127 672 675 AND
1 1 675 676 INV
2 1 674 676 677 AND
1 1 677 678 INV
2 1 127 672 679 XOR
2 1 607 631 680 XOR
2 1 607 631 681 AND
1 1 681 682 INV
2 1 678 680 683 AND
1 1 683 684 INV
2 1 682 684 685 AND
1 1 685 686 INV
2 1 678 680 687 XOR
2 1 615 639 688 XOR
2 1 615 639 689 AND
1 1 689 690 INV
2 1 686 688 691 AND
1 1 691 692 INV
2 1 690 692 693 AND
1 1 693 694 INV
2 1 686 688 695 XOR
2 1 614 638 696 XOR
2 1 614 638 697 AND
1 1 697 698 INV
2 1 694 696 699 AND
1 1 699 700 INV
2 1 698 700 701 AND
1 1 701 702 INV
2 1 694 696 703 XOR
2 1 647 679 704 XOR
2 1 647 679 705 AND
1 1 705 706 INV
2 1 127 704 707 AND
1 1 707 708 INV
2 1 706 708 709 AND
1 1 709 710 INV
2 1 127 704 711 XOR
2 1 655 687 712 XOR
2 1 655 687 713 AND
1 1 713 714 INV
2 1 710 712 715 AND
1 1 715 716 INV
2 1 714 716 717 AND
1 1 717 718 INV
2 1 710 712 719 XOR
2 1 663 695 720 XOR
2 1 663 695 721 AND
1 1 721 722 INV
2 1 718 720 723 AND
1 1 723 724 INV
2 1 722 724 725 AND
1 1 725 726 INV
2 1 718 720 727 XOR
2 1 671 703 728 XOR
2 1 671 703 729 AND
1 1 729 730 INV
2 1 726 728 731 AND
1 1 731 732 INV
2 1 730 732 733 AND
1 1 733 734 INV
2 1 726 728 735 XOR
2 1 670 702 736 XOR
2 1 670 702 737 AND
1 1 737 738 INV
2 1 734 736 739 AND
1 1 739 740 INV
2 1 738 740 741 AND
1 1 741 742 INV
2 1 734 736 743 XOR
1 1 742 744 NOT
1 1 743 745 NOT
1 1 735 746 NOT
1 1 727 747 NOT
1 1 719 748 NOT
1 1 711 749 NOT
2 1 744 745 750 AND
2 1 746 747 751 AND
2 1 748 749 752 AND
2 1 750 751 753 AND
2 1 752 753 754 AND
1 1 754 755 NOT
1 1 755 756 NOT