631 823
96 96 1

1 1 0 192 INV
2 1 0 192 193 AND
2 1 0 96 194 AND
2 1 1 97 195 XOR
2 1 2 98 196 XOR
1 1 195 197 INV
1 1 196 198 INV
2 1 197 198 199 AND
1 1 199 200 INV
2 1 194 200 201 AND
2 1 3 99 202 AND
2 1 4 100 203 XOR
2 1 5 101 204 XOR
1 1 203 205 INV
1 1 204 206 INV
2 1 205 206 207 AND
1 1 207 208 INV
2 1 202 208 209 AND
2 1 6 102 210 AND
2 1 7 103 211 XOR
2 1 8 104 212 XOR
1 1 211 213 INV
1 1 212 214 INV
2 1 213 214 215 AND
1 1 215 216 INV
2 1 210 216 217 AND
2 1 9 105 218 AND
2 1 10 106 219 XOR
2 1 11 107 220 XOR
1 1 219 221 INV
1 1 220 222 INV
2 1 221 222 223 AND
1 1 223 224 INV
2 1 218 224 225 AND
2 1 12 108 226 AND
2 1 13 109 227 XOR
2 1 14 110 228 XOR
1 1 227 229 INV
1 1 228 230 INV
2 1 229 230 231 AND
1 1 231 232 INV
2 1 226 232 233 AND
2 1 15 111 234 AND
2 1 16 112 235 XOR
2 1 17 113 236 XOR
1 1 235 237 INV
1 1 236 238 INV
2 1 237 238 239 AND
1 1 239 240 INV
2 1 234 240 241 AND
2 1 18 114 242 AND
2 1 19 115 243 XOR
2 1 20 116 244 XOR
1 1 243 245 INV
1 1 244 246 INV
2 1 245 246 247 AND
1 1 247 248 INV
2 1 242 248 249 AND
2 1 21 117 250 AND
2 1 22 118 251 XOR
2 1 23 119 252 XOR
1 1 251 253 INV
1 1 252 254 INV
2 1 253 254 255 AND
1 1 255 256 INV
2 1 250 256 257 AND
2 1 24 120 258 AND
2 1 25 121 259 XOR
2 1 26 122 260 XOR
1 1 259 261 INV
1 1 260 262 INV
2 1 261 262 263 AND
1 1 263 264 INV
2 1 258 264 265 AND
2 1 27 123 266 AND
2 1 28 124 267 XOR
2 1 29 125 268 XOR
1 1 267 269 INV
1 1 268 270 INV
2 1 269 270 271 AND
1 1 271 272 INV
2 1 266 272 273 AND
2 1 30 126 274 AND
2 1 31 127 275 XOR
2 1 32 128 276 XOR
1 1 275 277 INV
1 1 276 278 INV
2 1 277 278 279 AND
1 1 279 280 INV
2 1 274 280 281 AND
2 1 33 129 282 AND
2 1 34 130 283 XOR
2 1 35 131 284 XOR
1 1 283 285 INV
1 1 284 286 INV
2 1 285 286 287 AND
1 1 287 288 INV
2 1 282 288 289 AND
2 1 36 132 290 AND
2 1 37 133 291 XOR
2 1 38 134 292 XOR
1 1 291 293 INV
1 1 292 294 INV
2 1 293 294 295 AND
1 1 295 296 INV
2 1 290 296 297 AND
2 1 39 135 298 AND
2 1 40 136 299 XOR
2 1 41 137 300 XOR
1 1 299 301 INV
1 1 300 302 INV
2 1 301 302 303 AND
1 1 303 304 INV
2 1 298 304 305 AND
2 1 42 138 306 AND
2 1 43 139 307 XOR
2 1 44 140 308 XOR
1 1 307 309 INV
1 1 308 310 INV
2 1 309 310 311 AND
1 1 311 312 INV
2 1 306 312 313 AND
2 1 45 141 314 AND
2 1 46 142 315 XOR
2 1 47 143 316 XOR
1 1 315 317 INV
1 1 316 318 INV
2 1 317 318 319 AND
1 1 319 320 INV
2 1 314 320 321 AND
2 1 48 144 322 AND
2 1 49 145 323 XOR
2 1 50 146 324 XOR
1 1 323 325 INV
1 1 324 326 INV
2 1 325 326 327 AND
1 1 327 328 INV
2 1 322 328 329 AND
2 1 51 147 330 AND
2 1 52 148 331 XOR
2 1 53 149 332 XOR
1 1 331 333 INV
1 1 332 334 INV
2 1 333 334 335 AND
1 1 335 336 INV
2 1 330 336 337 AND
2 1 54 150 338 AND
2 1 55 151 339 XOR
2 1 56 152 340 XOR
1 1 339 341 INV
1 1 340 342 INV
2 1 341 342 343 AND
1 1 343 344 INV
2 1 338 344 345 AND
2 1 57 153 346 AND
2 1 58 154 347 XOR
2 1 59 155 348 XOR
1 1 347 349 INV
1 1 348 350 INV
2 1 349 350 351 AND
1 1 351 352 INV
2 1 346 352 353 AND
2 1 60 156 354 AND
2 1 61 157 355 XOR
2 1 62 158 356 XOR
1 1 355 357 INV
1 1 356 358 INV
2 1 357 358 359 AND
1 1 359 360 INV
2 1 354 360 361 AND
2 1 63 159 362 AND
2 1 64 160 363 XOR
2 1 65 161 364 XOR
1 1 363 365 INV
1 1 364 366 INV
2 1 365 366 367 AND
1 1 367 368 INV
2 1 362 368 369 AND
2 1 66 162 370 AND
2 1 67 163 371 XOR
2 1 68 164 372 XOR
1 1 371 373 INV
1 1 372 374 INV
2 1 373 374 375 AND
1 1 375 376 INV
2 1 370 376 377 AND
2 1 69 165 378 AND
2 1 70 166 379 XOR
2 1 71 167 380 XOR
1 1 379 381 INV
1 1 380 382 INV
2 1 381 382 383 AND
1 1 383 384 INV
2 1 378 384 385 AND
2 1 72 168 386 AND
2 1 73 169 387 XOR
2 1 74 170 388 XOR
1 1 387 389 INV
1 1 388 390 INV
2 1 389 390 391 AND
1 1 391 392 INV
2 1 386 392 393 AND
2 1 75 171 394 AND
2 1 76 172 395 XOR
2 1 77 173 396 XOR
1 1 395 397 INV
1 1 396 398 INV
2 1 397 398 399 AND
1 1 399 400 INV
2 1 394 400 401 AND
2 1 78 174 402 AND
2 1 79 175 403 XOR
2 1 80 176 404 XOR
1 1 403 405 INV
1 1 404 406 INV
2 1 405 406 407 AND
1 1 407 408 INV
2 1 402 408 409 AND
2 1 81 177 410 AND
2 1 82 178 411 XOR
2 1 83 179 412 XOR
1 1 411 413 INV
1 1 412 414 INV
2 1 413 414 415 AND
1 1 415 416 INV
2 1 410 416 417 AND
2 1 84 180 418 AND
2 1 85 181 419 XOR
2 1 86 182 420 XOR
1 1 419 421 INV
1 1 420 422 INV
2 1 421 422 423 AND
1 1 423 424 INV
2 1 418 424 425 AND
2 1 87 183 426 AND
2 1 88 184 427 XOR
2 1 89 185 428 XOR
1 1 427 429 INV
1 1 428 430 INV
2 1 429 430 431 AND
1 1 431 432 INV
2 1 426 432 433 AND
2 1 90 186 434 AND
2 1 91 187 435 XOR
2 1 92 188 436 XOR
1 1 435 437 INV
1 1 436 438 INV
2 1 437 438 439 AND
1 1 439 440 INV
2 1 434 440 441 AND
2 1 93 189 442 AND
2 1 94 190 443 XOR
2 1 95 191 444 XOR
1 1 443 445 INV
1 1 444 446 INV
2 1 445 446 447 AND
1 1 447 448 INV
2 1 442 448 449 AND
2 1 201 209 450 AND
2 1 201 209 451 XOR
2 1 217 225 452 AND
2 1 217 225 453 XOR
2 1 233 241 454 AND
2 1 233 241 455 XOR
2 1 249 257 456 AND
2 1 249 257 457 XOR
2 1 265 273 458 AND
2 1 265 273 459 XOR
2 1 281 289 460 AND
2 1 281 289 461 XOR
2 1 297 305 462 AND
2 1 297 305 463 XOR
2 1 313 321 464 AND
2 1 313 321 465 XOR
2 1 329 337 466 AND
2 1 329 337 467 XOR
2 1 345 353 468 AND
2 1 345 353 469 XOR
2 1 361 369 470 AND
2 1 361 369 471 XOR
2 1 377 385 472 AND
2 1 377 385 473 XOR
2 1 393 401 474 AND
2 1 393 401 475 XOR
2 1 409 417 476 AND
2 1 409 417 477 XOR
2 1 425 433 478 AND
2 1 425 433 479 XOR
2 1 441 449 480 AND
2 1 441 449 481 XOR
2 1 451 453 482 XOR
2 1 451 453 483 AND
1 1 483 484 INV
2 1 193 482 485 AND
1 1 485 486 INV
2 1 484 486 487 AND
1 1 487 488 INV
2 1 193 482 489 XOR
2 1 450 452 490 XOR
2 1 450 452 491 AND
1 1 491 492 INV
2 1 488 490 493 AND
1 1 493 494 INV
2 1 492 494 495 AND
1 1 495 496 INV
2 1 488 490 497 XOR
2 1 455 457 498 XOR
2 1 455 457 499 AND
1 1 499 500 INV
2 1 193 498 501 AND
1 1 501 502 INV
2 1 500 502 503 AND
1 1 503 504 INV
2 1 193 498 505 XOR
2 1 454 456 506 XOR
2 1 454 456 507 AND
1 1 507 508 INV
2 1 504 506 509 AND
1 1 509 510 INV
2 1 508 510 511 AND
1 1 511 512 INV
2 1 504 506 513 XOR
2 1 459 461 514 XOR
2 1 459 461 515 AND
1 1 515 516 INV
2 1 193 514 517 AND
1 1 517 518 INV
2 1 516 518 519 AND
1 1 519 520 INV
2 1 193 514 521 XOR
2 1 458 460 522 XOR
2 1 458 460 523 AND
1 1 523 524 INV
2 1 520 522 525 AND
1 1 525 526 INV
2 1 524 526 527 AND
1 1 527 528 INV
2 1 520 522 529 XOR
2 1 463 465 530 XOR
2 1 463 465 531 AND
1 1 531 532 INV
2 1 193 530 533 AND
1 1 533 534 INV
2 1 532 534 535 AND
1 1 535 536 INV
2 1 193 530 537 XOR
2 1 462 464 538 XOR
2 1 462 464 539 AND
1 1 539 540 INV
2 1 536 538 541 AND
1 1 541 542 INV
2 1 540 542 543 AND
1 1 543 544 INV
2 1 536 538 545 XOR
2 1 467 469 546 XOR
2 1 467 469 547 AND
1 1 547 548 INV
2 1 193 546 549 AND
1 1 549 550 INV
2 1 548 550 551 AND
1 1 551 552 INV
2 1 193 546 553 XOR
2 1 466 468 554 XOR
2 1 466 468 555 AND
1 1 555 556 INV
2 1 552 554 557 AND
1 1 557 558 INV
2 1 556 558 559 AND
1 1 559 560 INV
2 1 552 554 561 XOR
2 1 471 473 562 XOR
2 1 471 473 563 AND
1 1 563 564 INV
2 1 193 562 565 AND
1 1 565 566 INV
2 1 564 566 567 AND
1 1 567 568 INV
2 1 193 562 569 XOR
2 1 470 472 570 XOR
2 1 470 472 571 AND
1 1 571 572 INV
2 1 568 570 573 AND
1 1 573 574 INV
2 1 572 574 575 AND
1 1 575 576 INV
2 1 568 570 577 XOR
2 1 475 477 578 XOR
2 1 475 477 579 AND
1 1 579 580 INV
2 1 193 578 581 AND
1 1 581 582 INV
2 1 580 582 583 AND
1 1 583 584 INV
2 1 193 578 585 XOR
2 1 474 476 586 XOR
2 1 474 476 587 AND
1 1 587 588 INV
2 1 584 586 589 AND
1 1 589 590 INV
2 1 588 590 591 AND
1 1 591 592 INV
2 1 584 586 593 XOR
2 1 479 481 594 XOR
2 1 479 481 595 AND
1 1 595 596 INV
2 1 193 594 597 AND
1 1 597 598 INV
2 1 596 598 599 AND
1 1 599 600 INV
2 1 193 594 601 XOR
2 1 478 480 602 XOR
2 1 478 480 603 AND
1 1 603 604 INV
2 1 600 602 605 AND
1 1 605 606 INV
2 1 604 606 607 AND
1 1 607 608 INV
2 1 600 602 609 XOR
2 1 489 505 610 XOR
2 1 489 505 611 AND
1 1 611 612 INV
2 1 193 610 613 AND
1 1 613 614 INV
2 1 612 614 615 AND
1 1 615 616 INV
2 1 193 610 617 XOR
2 1 497 513 618 XOR
2 1 497 513 619 AND
1 1 619 620 INV
2 1 616 618 621 AND
1 1 621 622 INV
2 1 620 622 623 AND
1 1 623 624 INV
2 1 616 618 625 XOR
2 1 496 512 626 XOR
2 1 496 512 627 AND
1 1 627 628 INV
2 1 624 626 629 AND
1 1 629 630 INV
2 1 628 630 631 AND
1 1 631 632 INV
2 1 624 626 633 XOR
2 1 521 537 634 XOR
2 1 521 537 635 AND
1 1 635 636 INV
2 1 193 634 637 AND
1 1 637 638 INV
2 1 636 638 639 AND
1 1 639 640 INV
2 1 193 634 641 XOR
2 1 529 545 642 XOR
2 1 529 545 643 AND
1 1 643 644 INV
2 1 640 642 645 AND
1 1 645 646 INV
2 1 644 646 647 AND
1 1 647 648 INV
2 1 640 642 649 XOR
2 1 528 544 650 XOR
2 1 528 544 651 AND
1 1 651 652 INV
2 1 648 650 653 AND
1 1 653 654 INV
2 1 652 654 655 AND
1 1 655 656 INV
2 1 648 650 657 XOR
2 1 553 569 658 XOR
2 1 553 569 659 AND
1 1 659 660 INV
2 1 193 658 661 AND
1 1 661 662 INV
2 1 660 662 663 AND
1 1 663 664 INV
2 1 193 658 665 XOR
2 1 561 577 666 XOR
2 1 561 577 667 AND
1 1 667 668 INV
2 1 664 666 669 AND
1 1 669 670 INV
2 1 668 670 671 AND
1 1 671 672 INV
2 1 664 666 673 XOR
2 1 560 576 674 XOR
2 1 560 576 675 AND
1 1 675 676 INV
2 1 672 674 677 AND
1 1 677 678 INV
2 1 676 678 679 AND
1 1 679 680 INV
2 1 672 674 681 XOR
2 1 585 601 682 XOR
2 1 585 601 683 AND
1 1 683 684 INV
2 1 193 682 685 AND
1 1 685 686 INV
2 1 684 686 687 AND
1 1 687 688 INV
2 1 193 682 689 XOR
2 1 593 609 690 XOR
2 1 593 609 691 AND
1 1 691 692 INV
2 1 688 690 693 AND
1 1 693 694 INV
2 1 692 694 695 AND
1 1 695 696 INV
2 1 688 690 697 XOR
2 1 592 608 698 XOR
2 1 592 608 699 AND
1 1 699 700 INV
2 1 696 698 701 AND
1 1 701 702 INV
2 1 700 702 703 AND
1 1 703 704 INV
2 1 696 698 705 XOR
2 1 617 641 706 XOR
2 1 617 641 707 AND
1 1 707 708 INV
2 1 193 706 709 AND
1 1 709 710 INV
2 1 708 710 711 AND
1 1 711 712 INV
2 1 193 706 713 XOR
2 1 625 649 714 XOR
2 1 625 649 715 AND
1 1 715 716 INV
2 1 712 714 717 AND
1 1 717 718 INV
2 1 716 718 719 AND
1 1 719 720 INV
2 1 712 714 721 XOR
2 1 633 657 722 XOR
2 1 633 657 723 AND
1 1 723 724 INV
2 1 720 722 725 AND
1 1 725 726 INV
2 1 724 726 727 AND
1 1 727 728 INV
2 1 720 722 729 XOR
2 1 632 656 730 XOR
2 1 632 656 731 AND
1 1 731 732 INV
2 1 728 730 733 AND
1 1 733 734 INV
2 1 732 734 735 AND
1 1 735 736 INV
2 1 728 730 737 XOR
2 1 665 689 738 XOR
2 1 665 689 739 AND
1 1 739 740 INV
2 1 193 738 741 AND
1 1 741 742 INV
2 1 740 742 743 AND
1 1 743 744 INV
2 1 193 738 745 XOR
2 1 673 697 746 XOR
2 1 673 697 747 AND
1 1 747 748 INV
2 1 744 746 749 AND
1 1 749 750 INV
2 1 748 750 751 AND
1 1 751 752 INV
2 1 744 746 753 XOR
2 1 681 705 754 XOR
2 1 681 705 755 AND
1 1 755 756 INV
2 1 752 754 757 AND
1 1 757 758 INV
2 1 756 758 759 AND
1 1 759 760 INV
2 1 752 754 761 XOR
2 1 680 704 762 XOR
2 1 680 704 763 AND
1 1 763 764 INV
2 1 760 762 765 AND
1 1 765 766 INV
2 1 764 766 767 AND
1 1 767 768 INV
2 1 760 762 769 XOR
2 1 713 745 770 XOR
2 1 713 745 771 AND
1 1 771 772 INV
2 1 193 770 773 AND
1 1 773 774 INV
2 1 772 774 775 AND
1 1 775 776 INV
2 1 193 770 777 XOR
2 1 721 753 778 XOR
2 1 721 753 779 AND
1 1 779 780 INV
2 1 776 778 781 AND
1 1 781 782 INV
2 1 780 782 783 AND
1 1 783 784 INV
2 1 776 778 785 XOR
2 1 729 761 786 XOR
2 1 729 761 787 AND
1 1 787 788 INV
2 1 784 786 789 AND
1 1 789 790 INV
2 1 788 790 791 AND
1 1 791 792 INV
2 1 784 786 793 XOR
2 1 737 769 794 XOR
2 1 737 769 795 AND
1 1 795 796 INV
2 1 792 794 797 AND
1 1 797 798 INV
2 1 796 798 799 AND
1 1 799 800 INV
2 1 792 794 801 XOR
2 1 736 768 802 XOR
2 1 736 768 803 AND
1 1 803 804 INV
2 1 800 802 805 AND
1 1 805 806 INV
2 1 804 806 807 AND
1 1 807 808 INV
2 1 800 802 809 XOR
1 1 808 810 INV
1 1 809 811 INV
1 1 801 812 INV
1 1 793 813 INV
1 1 785 814 INV
1 1 777 815 INV
2 1 810 811 816 AND
2 1 812 813 817 AND
2 1 814 815 818 AND
2 1 816 817 819 AND
2 1 818 819 820 AND
1 1 820 821 INV
1 1 821 822 INV