1297 1681
192 192 1

1 1 0 384 INV
2 1 0 384 385 AND
2 1 0 192 386 AND
2 1 1 193 387 XOR
2 1 2 194 388 XOR
1 1 387 389 INV
1 1 388 390 INV
2 1 389 390 391 AND
1 1 391 392 INV
2 1 386 392 393 AND
2 1 3 195 394 AND
2 1 4 196 395 XOR
2 1 5 197 396 XOR
1 1 395 397 INV
1 1 396 398 INV
2 1 397 398 399 AND
1 1 399 400 INV
2 1 394 400 401 AND
2 1 6 198 402 AND
2 1 7 199 403 XOR
2 1 8 200 404 XOR
1 1 403 405 INV
1 1 404 406 INV
2 1 405 406 407 AND
1 1 407 408 INV
2 1 402 408 409 AND
2 1 9 201 410 AND
2 1 10 202 411 XOR
2 1 11 203 412 XOR
1 1 411 413 INV
1 1 412 414 INV
2 1 413 414 415 AND
1 1 415 416 INV
2 1 410 416 417 AND
2 1 12 204 418 AND
2 1 13 205 419 XOR
2 1 14 206 420 XOR
1 1 419 421 INV
1 1 420 422 INV
2 1 421 422 423 AND
1 1 423 424 INV
2 1 418 424 425 AND
2 1 15 207 426 AND
2 1 16 208 427 XOR
2 1 17 209 428 XOR
1 1 427 429 INV
1 1 428 430 INV
2 1 429 430 431 AND
1 1 431 432 INV
2 1 426 432 433 AND
2 1 18 210 434 AND
2 1 19 211 435 XOR
2 1 20 212 436 XOR
1 1 435 437 INV
1 1 436 438 INV
2 1 437 438 439 AND
1 1 439 440 INV
2 1 434 440 441 AND
2 1 21 213 442 AND
2 1 22 214 443 XOR
2 1 23 215 444 XOR
1 1 443 445 INV
1 1 444 446 INV
2 1 445 446 447 AND
1 1 447 448 INV
2 1 442 448 449 AND
2 1 24 216 450 AND
2 1 25 217 451 XOR
2 1 26 218 452 XOR
1 1 451 453 INV
1 1 452 454 INV
2 1 453 454 455 AND
1 1 455 456 INV
2 1 450 456 457 AND
2 1 27 219 458 AND
2 1 28 220 459 XOR
2 1 29 221 460 XOR
1 1 459 461 INV
1 1 460 462 INV
2 1 461 462 463 AND
1 1 463 464 INV
2 1 458 464 465 AND
2 1 30 222 466 AND
2 1 31 223 467 XOR
2 1 32 224 468 XOR
1 1 467 469 INV
1 1 468 470 INV
2 1 469 470 471 AND
1 1 471 472 INV
2 1 466 472 473 AND
2 1 33 225 474 AND
2 1 34 226 475 XOR
2 1 35 227 476 XOR
1 1 475 477 INV
1 1 476 478 INV
2 1 477 478 479 AND
1 1 479 480 INV
2 1 474 480 481 AND
2 1 36 228 482 AND
2 1 37 229 483 XOR
2 1 38 230 484 XOR
1 1 483 485 INV
1 1 484 486 INV
2 1 485 486 487 AND
1 1 487 488 INV
2 1 482 488 489 AND
2 1 39 231 490 AND
2 1 40 232 491 XOR
2 1 41 233 492 XOR
1 1 491 493 INV
1 1 492 494 INV
2 1 493 494 495 AND
1 1 495 496 INV
2 1 490 496 497 AND
2 1 42 234 498 AND
2 1 43 235 499 XOR
2 1 44 236 500 XOR
1 1 499 501 INV
1 1 500 502 INV
2 1 501 502 503 AND
1 1 503 504 INV
2 1 498 504 505 AND
2 1 45 237 506 AND
2 1 46 238 507 XOR
2 1 47 239 508 XOR
1 1 507 509 INV
1 1 508 510 INV
2 1 509 510 511 AND
1 1 511 512 INV
2 1 506 512 513 AND
2 1 48 240 514 AND
2 1 49 241 515 XOR
2 1 50 242 516 XOR
1 1 515 517 INV
1 1 516 518 INV
2 1 517 518 519 AND
1 1 519 520 INV
2 1 514 520 521 AND
2 1 51 243 522 AND
2 1 52 244 523 XOR
2 1 53 245 524 XOR
1 1 523 525 INV
1 1 524 526 INV
2 1 525 526 527 AND
1 1 527 528 INV
2 1 522 528 529 AND
2 1 54 246 530 AND
2 1 55 247 531 XOR
2 1 56 248 532 XOR
1 1 531 533 INV
1 1 532 534 INV
2 1 533 534 535 AND
1 1 535 536 INV
2 1 530 536 537 AND
2 1 57 249 538 AND
2 1 58 250 539 XOR
2 1 59 251 540 XOR
1 1 539 541 INV
1 1 540 542 INV
2 1 541 542 543 AND
1 1 543 544 INV
2 1 538 544 545 AND
2 1 60 252 546 AND
2 1 61 253 547 XOR
2 1 62 254 548 XOR
1 1 547 549 INV
1 1 548 550 INV
2 1 549 550 551 AND
1 1 551 552 INV
2 1 546 552 553 AND
2 1 63 255 554 AND
2 1 64 256 555 XOR
2 1 65 257 556 XOR
1 1 555 557 INV
1 1 556 558 INV
2 1 557 558 559 AND
1 1 559 560 INV
2 1 554 560 561 AND
2 1 66 258 562 AND
2 1 67 259 563 XOR
2 1 68 260 564 XOR
1 1 563 565 INV
1 1 564 566 INV
2 1 565 566 567 AND
1 1 567 568 INV
2 1 562 568 569 AND
2 1 69 261 570 AND
2 1 70 262 571 XOR
2 1 71 263 572 XOR
1 1 571 573 INV
1 1 572 574 INV
2 1 573 574 575 AND
1 1 575 576 INV
2 1 570 576 577 AND
2 1 72 264 578 AND
2 1 73 265 579 XOR
2 1 74 266 580 XOR
1 1 579 581 INV
1 1 580 582 INV
2 1 581 582 583 AND
1 1 583 584 INV
2 1 578 584 585 AND
2 1 75 267 586 AND
2 1 76 268 587 XOR
2 1 77 269 588 XOR
1 1 587 589 INV
1 1 588 590 INV
2 1 589 590 591 AND
1 1 591 592 INV
2 1 586 592 593 AND
2 1 78 270 594 AND
2 1 79 271 595 XOR
2 1 80 272 596 XOR
1 1 595 597 INV
1 1 596 598 INV
2 1 597 598 599 AND
1 1 599 600 INV
2 1 594 600 601 AND
2 1 81 273 602 AND
2 1 82 274 603 XOR
2 1 83 275 604 XOR
1 1 603 605 INV
1 1 604 606 INV
2 1 605 606 607 AND
1 1 607 608 INV
2 1 602 608 609 AND
2 1 84 276 610 AND
2 1 85 277 611 XOR
2 1 86 278 612 XOR
1 1 611 613 INV
1 1 612 614 INV
2 1 613 614 615 AND
1 1 615 616 INV
2 1 610 616 617 AND
2 1 87 279 618 AND
2 1 88 280 619 XOR
2 1 89 281 620 XOR
1 1 619 621 INV
1 1 620 622 INV
2 1 621 622 623 AND
1 1 623 624 INV
2 1 618 624 625 AND
2 1 90 282 626 AND
2 1 91 283 627 XOR
2 1 92 284 628 XOR
1 1 627 629 INV
1 1 628 630 INV
2 1 629 630 631 AND
1 1 631 632 INV
2 1 626 632 633 AND
2 1 93 285 634 AND
2 1 94 286 635 XOR
2 1 95 287 636 XOR
1 1 635 637 INV
1 1 636 638 INV
2 1 637 638 639 AND
1 1 639 640 INV
2 1 634 640 641 AND
2 1 96 288 642 AND
2 1 97 289 643 XOR
2 1 98 290 644 XOR
1 1 643 645 INV
1 1 644 646 INV
2 1 645 646 647 AND
1 1 647 648 INV
2 1 642 648 649 AND
2 1 99 291 650 AND
2 1 100 292 651 XOR
2 1 101 293 652 XOR
1 1 651 653 INV
1 1 652 654 INV
2 1 653 654 655 AND
1 1 655 656 INV
2 1 650 656 657 AND
2 1 102 294 658 AND
2 1 103 295 659 XOR
2 1 104 296 660 XOR
1 1 659 661 INV
1 1 660 662 INV
2 1 661 662 663 AND
1 1 663 664 INV
2 1 658 664 665 AND
2 1 105 297 666 AND
2 1 106 298 667 XOR
2 1 107 299 668 XOR
1 1 667 669 INV
1 1 668 670 INV
2 1 669 670 671 AND
1 1 671 672 INV
2 1 666 672 673 AND
2 1 108 300 674 AND
2 1 109 301 675 XOR
2 1 110 302 676 XOR
1 1 675 677 INV
1 1 676 678 INV
2 1 677 678 679 AND
1 1 679 680 INV
2 1 674 680 681 AND
2 1 111 303 682 AND
2 1 112 304 683 XOR
2 1 113 305 684 XOR
1 1 683 685 INV
1 1 684 686 INV
2 1 685 686 687 AND
1 1 687 688 INV
2 1 682 688 689 AND
2 1 114 306 690 AND
2 1 115 307 691 XOR
2 1 116 308 692 XOR
1 1 691 693 INV
1 1 692 694 INV
2 1 693 694 695 AND
1 1 695 696 INV
2 1 690 696 697 AND
2 1 117 309 698 AND
2 1 118 310 699 XOR
2 1 119 311 700 XOR
1 1 699 701 INV
1 1 700 702 INV
2 1 701 702 703 AND
1 1 703 704 INV
2 1 698 704 705 AND
2 1 120 312 706 AND
2 1 121 313 707 XOR
2 1 122 314 708 XOR
1 1 707 709 INV
1 1 708 710 INV
2 1 709 710 711 AND
1 1 711 712 INV
2 1 706 712 713 AND
2 1 123 315 714 AND
2 1 124 316 715 XOR
2 1 125 317 716 XOR
1 1 715 717 INV
1 1 716 718 INV
2 1 717 718 719 AND
1 1 719 720 INV
2 1 714 720 721 AND
2 1 126 318 722 AND
2 1 127 319 723 XOR
2 1 128 320 724 XOR
1 1 723 725 INV
1 1 724 726 INV
2 1 725 726 727 AND
1 1 727 728 INV
2 1 722 728 729 AND
2 1 129 321 730 AND
2 1 130 322 731 XOR
2 1 131 323 732 XOR
1 1 731 733 INV
1 1 732 734 INV
2 1 733 734 735 AND
1 1 735 736 INV
2 1 730 736 737 AND
2 1 132 324 738 AND
2 1 133 325 739 XOR
2 1 134 326 740 XOR
1 1 739 741 INV
1 1 740 742 INV
2 1 741 742 743 AND
1 1 743 744 INV
2 1 738 744 745 AND
2 1 135 327 746 AND
2 1 136 328 747 XOR
2 1 137 329 748 XOR
1 1 747 749 INV
1 1 748 750 INV
2 1 749 750 751 AND
1 1 751 752 INV
2 1 746 752 753 AND
2 1 138 330 754 AND
2 1 139 331 755 XOR
2 1 140 332 756 XOR
1 1 755 757 INV
1 1 756 758 INV
2 1 757 758 759 AND
1 1 759 760 INV
2 1 754 760 761 AND
2 1 141 333 762 AND
2 1 142 334 763 XOR
2 1 143 335 764 XOR
1 1 763 765 INV
1 1 764 766 INV
2 1 765 766 767 AND
1 1 767 768 INV
2 1 762 768 769 AND
2 1 144 336 770 AND
2 1 145 337 771 XOR
2 1 146 338 772 XOR
1 1 771 773 INV
1 1 772 774 INV
2 1 773 774 775 AND
1 1 775 776 INV
2 1 770 776 777 AND
2 1 147 339 778 AND
2 1 148 340 779 XOR
2 1 149 341 780 XOR
1 1 779 781 INV
1 1 780 782 INV
2 1 781 782 783 AND
1 1 783 784 INV
2 1 778 784 785 AND
2 1 150 342 786 AND
2 1 151 343 787 XOR
2 1 152 344 788 XOR
1 1 787 789 INV
1 1 788 790 INV
2 1 789 790 791 AND
1 1 791 792 INV
2 1 786 792 793 AND
2 1 153 345 794 AND
2 1 154 346 795 XOR
2 1 155 347 796 XOR
1 1 795 797 INV
1 1 796 798 INV
2 1 797 798 799 AND
1 1 799 800 INV
2 1 794 800 801 AND
2 1 156 348 802 AND
2 1 157 349 803 XOR
2 1 158 350 804 XOR
1 1 803 805 INV
1 1 804 806 INV
2 1 805 806 807 AND
1 1 807 808 INV
2 1 802 808 809 AND
2 1 159 351 810 AND
2 1 160 352 811 XOR
2 1 161 353 812 XOR
1 1 811 813 INV
1 1 812 814 INV
2 1 813 814 815 AND
1 1 815 816 INV
2 1 810 816 817 AND
2 1 162 354 818 AND
2 1 163 355 819 XOR
2 1 164 356 820 XOR
1 1 819 821 INV
1 1 820 822 INV
2 1 821 822 823 AND
1 1 823 824 INV
2 1 818 824 825 AND
2 1 165 357 826 AND
2 1 166 358 827 XOR
2 1 167 359 828 XOR
1 1 827 829 INV
1 1 828 830 INV
2 1 829 830 831 AND
1 1 831 832 INV
2 1 826 832 833 AND
2 1 168 360 834 AND
2 1 169 361 835 XOR
2 1 170 362 836 XOR
1 1 835 837 INV
1 1 836 838 INV
2 1 837 838 839 AND
1 1 839 840 INV
2 1 834 840 841 AND
2 1 171 363 842 AND
2 1 172 364 843 XOR
2 1 173 365 844 XOR
1 1 843 845 INV
1 1 844 846 INV
2 1 845 846 847 AND
1 1 847 848 INV
2 1 842 848 849 AND
2 1 174 366 850 AND
2 1 175 367 851 XOR
2 1 176 368 852 XOR
1 1 851 853 INV
1 1 852 854 INV
2 1 853 854 855 AND
1 1 855 856 INV
2 1 850 856 857 AND
2 1 177 369 858 AND
2 1 178 370 859 XOR
2 1 179 371 860 XOR
1 1 859 861 INV
1 1 860 862 INV
2 1 861 862 863 AND
1 1 863 864 INV
2 1 858 864 865 AND
2 1 180 372 866 AND
2 1 181 373 867 XOR
2 1 182 374 868 XOR
1 1 867 869 INV
1 1 868 870 INV
2 1 869 870 871 AND
1 1 871 872 INV
2 1 866 872 873 AND
2 1 183 375 874 AND
2 1 184 376 875 XOR
2 1 185 377 876 XOR
1 1 875 877 INV
1 1 876 878 INV
2 1 877 878 879 AND
1 1 879 880 INV
2 1 874 880 881 AND
2 1 186 378 882 AND
2 1 187 379 883 XOR
2 1 188 380 884 XOR
1 1 883 885 INV
1 1 884 886 INV
2 1 885 886 887 AND
1 1 887 888 INV
2 1 882 888 889 AND
2 1 189 381 890 AND
2 1 190 382 891 XOR
2 1 191 383 892 XOR
1 1 891 893 INV
1 1 892 894 INV
2 1 893 894 895 AND
1 1 895 896 INV
2 1 890 896 897 AND
2 1 393 401 898 AND
2 1 393 401 899 XOR
2 1 409 417 900 AND
2 1 409 417 901 XOR
2 1 425 433 902 AND
2 1 425 433 903 XOR
2 1 441 449 904 AND
2 1 441 449 905 XOR
2 1 457 465 906 AND
2 1 457 465 907 XOR
2 1 473 481 908 AND
2 1 473 481 909 XOR
2 1 489 497 910 AND
2 1 489 497 911 XOR
2 1 505 513 912 AND
2 1 505 513 913 XOR
2 1 521 529 914 AND
2 1 521 529 915 XOR
2 1 537 545 916 AND
2 1 537 545 917 XOR
2 1 553 561 918 AND
2 1 553 561 919 XOR
2 1 569 577 920 AND
2 1 569 577 921 XOR
2 1 585 593 922 AND
2 1 585 593 923 XOR
2 1 601 609 924 AND
2 1 601 609 925 XOR
2 1 617 625 926 AND
2 1 617 625 927 XOR
2 1 633 641 928 AND
2 1 633 641 929 XOR
2 1 649 657 930 AND
2 1 649 657 931 XOR
2 1 665 673 932 AND
2 1 665 673 933 XOR
2 1 681 689 934 AND
2 1 681 689 935 XOR
2 1 697 705 936 AND
2 1 697 705 937 XOR
2 1 713 721 938 AND
2 1 713 721 939 XOR
2 1 729 737 940 AND
2 1 729 737 941 XOR
2 1 745 753 942 AND
2 1 745 753 943 XOR
2 1 761 769 944 AND
2 1 761 769 945 XOR
2 1 777 785 946 AND
2 1 777 785 947 XOR
2 1 793 801 948 AND
2 1 793 801 949 XOR
2 1 809 817 950 AND
2 1 809 817 951 XOR
2 1 825 833 952 AND
2 1 825 833 953 XOR
2 1 841 849 954 AND
2 1 841 849 955 XOR
2 1 857 865 956 AND
2 1 857 865 957 XOR
2 1 873 881 958 AND
2 1 873 881 959 XOR
2 1 889 897 960 AND
2 1 889 897 961 XOR
2 1 899 901 962 XOR
2 1 899 901 963 AND
1 1 963 964 INV
2 1 385 962 965 AND
1 1 965 966 INV
2 1 964 966 967 AND
1 1 967 968 INV
2 1 385 962 969 XOR
2 1 898 900 970 XOR
2 1 898 900 971 AND
1 1 971 972 INV
2 1 968 970 973 AND
1 1 973 974 INV
2 1 972 974 975 AND
1 1 975 976 INV
2 1 968 970 977 XOR
2 1 903 905 978 XOR
2 1 903 905 979 AND
1 1 979 980 INV
2 1 385 978 981 AND
1 1 981 982 INV
2 1 980 982 983 AND
1 1 983 984 INV
2 1 385 978 985 XOR
2 1 902 904 986 XOR
2 1 902 904 987 AND
1 1 987 988 INV
2 1 984 986 989 AND
1 1 989 990 INV
2 1 988 990 991 AND
1 1 991 992 INV
2 1 984 986 993 XOR
2 1 907 909 994 XOR
2 1 907 909 995 AND
1 1 995 996 INV
2 1 385 994 997 AND
1 1 997 998 INV
2 1 996 998 999 AND
1 1 999 1000 INV
2 1 385 994 1001 XOR
2 1 906 908 1002 XOR
2 1 906 908 1003 AND
1 1 1003 1004 INV
2 1 1000 1002 1005 AND
1 1 1005 1006 INV
2 1 1004 1006 1007 AND
1 1 1007 1008 INV
2 1 1000 1002 1009 XOR
2 1 911 913 1010 XOR
2 1 911 913 1011 AND
1 1 1011 1012 INV
2 1 385 1010 1013 AND
1 1 1013 1014 INV
2 1 1012 1014 1015 AND
1 1 1015 1016 INV
2 1 385 1010 1017 XOR
2 1 910 912 1018 XOR
2 1 910 912 1019 AND
1 1 1019 1020 INV
2 1 1016 1018 1021 AND
1 1 1021 1022 INV
2 1 1020 1022 1023 AND
1 1 1023 1024 INV
2 1 1016 1018 1025 XOR
2 1 915 917 1026 XOR
2 1 915 917 1027 AND
1 1 1027 1028 INV
2 1 385 1026 1029 AND
1 1 1029 1030 INV
2 1 1028 1030 1031 AND
1 1 1031 1032 INV
2 1 385 1026 1033 XOR
2 1 914 916 1034 XOR
2 1 914 916 1035 AND
1 1 1035 1036 INV
2 1 1032 1034 1037 AND
1 1 1037 1038 INV
2 1 1036 1038 1039 AND
1 1 1039 1040 INV
2 1 1032 1034 1041 XOR
2 1 919 921 1042 XOR
2 1 919 921 1043 AND
1 1 1043 1044 INV
2 1 385 1042 1045 AND
1 1 1045 1046 INV
2 1 1044 1046 1047 AND
1 1 1047 1048 INV
2 1 385 1042 1049 XOR
2 1 918 920 1050 XOR
2 1 918 920 1051 AND
1 1 1051 1052 INV
2 1 1048 1050 1053 AND
1 1 1053 1054 INV
2 1 1052 1054 1055 AND
1 1 1055 1056 INV
2 1 1048 1050 1057 XOR
2 1 923 925 1058 XOR
2 1 923 925 1059 AND
1 1 1059 1060 INV
2 1 385 1058 1061 AND
1 1 1061 1062 INV
2 1 1060 1062 1063 AND
1 1 1063 1064 INV
2 1 385 1058 1065 XOR
2 1 922 924 1066 XOR
2 1 922 924 1067 AND
1 1 1067 1068 INV
2 1 1064 1066 1069 AND
1 1 1069 1070 INV
2 1 1068 1070 1071 AND
1 1 1071 1072 INV
2 1 1064 1066 1073 XOR
2 1 927 929 1074 XOR
2 1 927 929 1075 AND
1 1 1075 1076 INV
2 1 385 1074 1077 AND
1 1 1077 1078 INV
2 1 1076 1078 1079 AND
1 1 1079 1080 INV
2 1 385 1074 1081 XOR
2 1 926 928 1082 XOR
2 1 926 928 1083 AND
1 1 1083 1084 INV
2 1 1080 1082 1085 AND
1 1 1085 1086 INV
2 1 1084 1086 1087 AND
1 1 1087 1088 INV
2 1 1080 1082 1089 XOR
2 1 931 933 1090 XOR
2 1 931 933 1091 AND
1 1 1091 1092 INV
2 1 385 1090 1093 AND
1 1 1093 1094 INV
2 1 1092 1094 1095 AND
1 1 1095 1096 INV
2 1 385 1090 1097 XOR
2 1 930 932 1098 XOR
2 1 930 932 1099 AND
1 1 1099 1100 INV
2 1 1096 1098 1101 AND
1 1 1101 1102 INV
2 1 1100 1102 1103 AND
1 1 1103 1104 INV
2 1 1096 1098 1105 XOR
2 1 935 937 1106 XOR
2 1 935 937 1107 AND
1 1 1107 1108 INV
2 1 385 1106 1109 AND
1 1 1109 1110 INV
2 1 1108 1110 1111 AND
1 1 1111 1112 INV
2 1 385 1106 1113 XOR
2 1 934 936 1114 XOR
2 1 934 936 1115 AND
1 1 1115 1116 INV
2 1 1112 1114 1117 AND
1 1 1117 1118 INV
2 1 1116 1118 1119 AND
1 1 1119 1120 INV
2 1 1112 1114 1121 XOR
2 1 939 941 1122 XOR
2 1 939 941 1123 AND
1 1 1123 1124 INV
2 1 385 1122 1125 AND
1 1 1125 1126 INV
2 1 1124 1126 1127 AND
1 1 1127 1128 INV
2 1 385 1122 1129 XOR
2 1 938 940 1130 XOR
2 1 938 940 1131 AND
1 1 1131 1132 INV
2 1 1128 1130 1133 AND
1 1 1133 1134 INV
2 1 1132 1134 1135 AND
1 1 1135 1136 INV
2 1 1128 1130 1137 XOR
2 1 943 945 1138 XOR
2 1 943 945 1139 AND
1 1 1139 1140 INV
2 1 385 1138 1141 AND
1 1 1141 1142 INV
2 1 1140 1142 1143 AND
1 1 1143 1144 INV
2 1 385 1138 1145 XOR
2 1 942 944 1146 XOR
2 1 942 944 1147 AND
1 1 1147 1148 INV
2 1 1144 1146 1149 AND
1 1 1149 1150 INV
2 1 1148 1150 1151 AND
1 1 1151 1152 INV
2 1 1144 1146 1153 XOR
2 1 947 949 1154 XOR
2 1 947 949 1155 AND
1 1 1155 1156 INV
2 1 385 1154 1157 AND
1 1 1157 1158 INV
2 1 1156 1158 1159 AND
1 1 1159 1160 INV
2 1 385 1154 1161 XOR
2 1 946 948 1162 XOR
2 1 946 948 1163 AND
1 1 1163 1164 INV
2 1 1160 1162 1165 AND
1 1 1165 1166 INV
2 1 1164 1166 1167 AND
1 1 1167 1168 INV
2 1 1160 1162 1169 XOR
2 1 951 953 1170 XOR
2 1 951 953 1171 AND
1 1 1171 1172 INV
2 1 385 1170 1173 AND
1 1 1173 1174 INV
2 1 1172 1174 1175 AND
1 1 1175 1176 INV
2 1 385 1170 1177 XOR
2 1 950 952 1178 XOR
2 1 950 952 1179 AND
1 1 1179 1180 INV
2 1 1176 1178 1181 AND
1 1 1181 1182 INV
2 1 1180 1182 1183 AND
1 1 1183 1184 INV
2 1 1176 1178 1185 XOR
2 1 955 957 1186 XOR
2 1 955 957 1187 AND
1 1 1187 1188 INV
2 1 385 1186 1189 AND
1 1 1189 1190 INV
2 1 1188 1190 1191 AND
1 1 1191 1192 INV
2 1 385 1186 1193 XOR
2 1 954 956 1194 XOR
2 1 954 956 1195 AND
1 1 1195 1196 INV
2 1 1192 1194 1197 AND
1 1 1197 1198 INV
2 1 1196 1198 1199 AND
1 1 1199 1200 INV
2 1 1192 1194 1201 XOR
2 1 959 961 1202 XOR
2 1 959 961 1203 AND
1 1 1203 1204 INV
2 1 385 1202 1205 AND
1 1 1205 1206 INV
2 1 1204 1206 1207 AND
1 1 1207 1208 INV
2 1 385 1202 1209 XOR
2 1 958 960 1210 XOR
2 1 958 960 1211 AND
1 1 1211 1212 INV
2 1 1208 1210 1213 AND
1 1 1213 1214 INV
2 1 1212 1214 1215 AND
1 1 1215 1216 INV
2 1 1208 1210 1217 XOR
2 1 969 985 1218 XOR
2 1 969 985 1219 AND
1 1 1219 1220 INV
2 1 385 1218 1221 AND
1 1 1221 1222 INV
2 1 1220 1222 1223 AND
1 1 1223 1224 INV
2 1 385 1218 1225 XOR
2 1 977 993 1226 XOR
2 1 977 993 1227 AND
1 1 1227 1228 INV
2 1 1224 1226 1229 AND
1 1 1229 1230 INV
2 1 1228 1230 1231 AND
1 1 1231 1232 INV
2 1 1224 1226 1233 XOR
2 1 976 992 1234 XOR
2 1 976 992 1235 AND
1 1 1235 1236 INV
2 1 1232 1234 1237 AND
1 1 1237 1238 INV
2 1 1236 1238 1239 AND
1 1 1239 1240 INV
2 1 1232 1234 1241 XOR
2 1 1001 1017 1242 XOR
2 1 1001 1017 1243 AND
1 1 1243 1244 INV
2 1 385 1242 1245 AND
1 1 1245 1246 INV
2 1 1244 1246 1247 AND
1 1 1247 1248 INV
2 1 385 1242 1249 XOR
2 1 1009 1025 1250 XOR
2 1 1009 1025 1251 AND
1 1 1251 1252 INV
2 1 1248 1250 1253 AND
1 1 1253 1254 INV
2 1 1252 1254 1255 AND
1 1 1255 1256 INV
2 1 1248 1250 1257 XOR
2 1 1008 1024 1258 XOR
2 1 1008 1024 1259 AND
1 1 1259 1260 INV
2 1 1256 1258 1261 AND
1 1 1261 1262 INV
2 1 1260 1262 1263 AND
1 1 1263 1264 INV
2 1 1256 1258 1265 XOR
2 1 1033 1049 1266 XOR
2 1 1033 1049 1267 AND
1 1 1267 1268 INV
2 1 385 1266 1269 AND
1 1 1269 1270 INV
2 1 1268 1270 1271 AND
1 1 1271 1272 INV
2 1 385 1266 1273 XOR
2 1 1041 1057 1274 XOR
2 1 1041 1057 1275 AND
1 1 1275 1276 INV
2 1 1272 1274 1277 AND
1 1 1277 1278 INV
2 1 1276 1278 1279 AND
1 1 1279 1280 INV
2 1 1272 1274 1281 XOR
2 1 1040 1056 1282 XOR
2 1 1040 1056 1283 AND
1 1 1283 1284 INV
2 1 1280 1282 1285 AND
1 1 1285 1286 INV
2 1 1284 1286 1287 AND
1 1 1287 1288 INV
2 1 1280 1282 1289 XOR
2 1 1065 1081 1290 XOR
2 1 1065 1081 1291 AND
1 1 1291 1292 INV
2 1 385 1290 1293 AND
1 1 1293 1294 INV
2 1 1292 1294 1295 AND
1 1 1295 1296 INV
2 1 385 1290 1297 XOR
2 1 1073 1089 1298 XOR
2 1 1073 1089 1299 AND
1 1 1299 1300 INV
2 1 1296 1298 1301 AND
1 1 1301 1302 INV
2 1 1300 1302 1303 AND
1 1 1303 1304 INV
2 1 1296 1298 1305 XOR
2 1 1072 1088 1306 XOR
2 1 1072 1088 1307 AND
1 1 1307 1308 INV
2 1 1304 1306 1309 AND
1 1 1309 1310 INV
2 1 1308 1310 1311 AND
1 1 1311 1312 INV
2 1 1304 1306 1313 XOR
2 1 1097 1113 1314 XOR
2 1 1097 1113 1315 AND
1 1 1315 1316 INV
2 1 385 1314 1317 AND
1 1 1317 1318 INV
2 1 1316 1318 1319 AND
1 1 1319 1320 INV
2 1 385 1314 1321 XOR
2 1 1105 1121 1322 XOR
2 1 1105 1121 1323 AND
1 1 1323 1324 INV
2 1 1320 1322 1325 AND
1 1 1325 1326 INV
2 1 1324 1326 1327 AND
1 1 1327 1328 INV
2 1 1320 1322 1329 XOR
2 1 1104 1120 1330 XOR
2 1 1104 1120 1331 AND
1 1 1331 1332 INV
2 1 1328 1330 1333 AND
1 1 1333 1334 INV
2 1 1332 1334 1335 AND
1 1 1335 1336 INV
2 1 1328 1330 1337 XOR
2 1 1129 1145 1338 XOR
2 1 1129 1145 1339 AND
1 1 1339 1340 INV
2 1 385 1338 1341 AND
1 1 1341 1342 INV
2 1 1340 1342 1343 AND
1 1 1343 1344 INV
2 1 385 1338 1345 XOR
2 1 1137 1153 1346 XOR
2 1 1137 1153 1347 AND
1 1 1347 1348 INV
2 1 1344 1346 1349 AND
1 1 1349 1350 INV
2 1 1348 1350 1351 AND
1 1 1351 1352 INV
2 1 1344 1346 1353 XOR
2 1 1136 1152 1354 XOR
2 1 1136 1152 1355 AND
1 1 1355 1356 INV
2 1 1352 1354 1357 AND
1 1 1357 1358 INV
2 1 1356 1358 1359 AND
1 1 1359 1360 INV
2 1 1352 1354 1361 XOR
2 1 1161 1177 1362 XOR
2 1 1161 1177 1363 AND
1 1 1363 1364 INV
2 1 385 1362 1365 AND
1 1 1365 1366 INV
2 1 1364 1366 1367 AND
1 1 1367 1368 INV
2 1 385 1362 1369 XOR
2 1 1169 1185 1370 XOR
2 1 1169 1185 1371 AND
1 1 1371 1372 INV
2 1 1368 1370 1373 AND
1 1 1373 1374 INV
2 1 1372 1374 1375 AND
1 1 1375 1376 INV
2 1 1368 1370 1377 XOR
2 1 1168 1184 1378 XOR
2 1 1168 1184 1379 AND
1 1 1379 1380 INV
2 1 1376 1378 1381 AND
1 1 1381 1382 INV
2 1 1380 1382 1383 AND
1 1 1383 1384 INV
2 1 1376 1378 1385 XOR
2 1 1193 1209 1386 XOR
2 1 1193 1209 1387 AND
1 1 1387 1388 INV
2 1 385 1386 1389 AND
1 1 1389 1390 INV
2 1 1388 1390 1391 AND
1 1 1391 1392 INV
2 1 385 1386 1393 XOR
2 1 1201 1217 1394 XOR
2 1 1201 1217 1395 AND
1 1 1395 1396 INV
2 1 1392 1394 1397 AND
1 1 1397 1398 INV
2 1 1396 1398 1399 AND
1 1 1399 1400 INV
2 1 1392 1394 1401 XOR
2 1 1200 1216 1402 XOR
2 1 1200 1216 1403 AND
1 1 1403 1404 INV
2 1 1400 1402 1405 AND
1 1 1405 1406 INV
2 1 1404 1406 1407 AND
1 1 1407 1408 INV
2 1 1400 1402 1409 XOR
2 1 1225 1249 1410 XOR
2 1 1225 1249 1411 AND
1 1 1411 1412 INV
2 1 385 1410 1413 AND
1 1 1413 1414 INV
2 1 1412 1414 1415 AND
1 1 1415 1416 INV
2 1 385 1410 1417 XOR
2 1 1233 1257 1418 XOR
2 1 1233 1257 1419 AND
1 1 1419 1420 INV
2 1 1416 1418 1421 AND
1 1 1421 1422 INV
2 1 1420 1422 1423 AND
1 1 1423 1424 INV
2 1 1416 1418 1425 XOR
2 1 1241 1265 1426 XOR
2 1 1241 1265 1427 AND
1 1 1427 1428 INV
2 1 1424 1426 1429 AND
1 1 1429 1430 INV
2 1 1428 1430 1431 AND
1 1 1431 1432 INV
2 1 1424 1426 1433 XOR
2 1 1240 1264 1434 XOR
2 1 1240 1264 1435 AND
1 1 1435 1436 INV
2 1 1432 1434 1437 AND
1 1 1437 1438 INV
2 1 1436 1438 1439 AND
1 1 1439 1440 INV
2 1 1432 1434 1441 XOR
2 1 1273 1297 1442 XOR
2 1 1273 1297 1443 AND
1 1 1443 1444 INV
2 1 385 1442 1445 AND
1 1 1445 1446 INV
2 1 1444 1446 1447 AND
1 1 1447 1448 INV
2 1 385 1442 1449 XOR
2 1 1281 1305 1450 XOR
2 1 1281 1305 1451 AND
1 1 1451 1452 INV
2 1 1448 1450 1453 AND
1 1 1453 1454 INV
2 1 1452 1454 1455 AND
1 1 1455 1456 INV
2 1 1448 1450 1457 XOR
2 1 1289 1313 1458 XOR
2 1 1289 1313 1459 AND
1 1 1459 1460 INV
2 1 1456 1458 1461 AND
1 1 1461 1462 INV
2 1 1460 1462 1463 AND
1 1 1463 1464 INV
2 1 1456 1458 1465 XOR
2 1 1288 1312 1466 XOR
2 1 1288 1312 1467 AND
1 1 1467 1468 INV
2 1 1464 1466 1469 AND
1 1 1469 1470 INV
2 1 1468 1470 1471 AND
1 1 1471 1472 INV
2 1 1464 1466 1473 XOR
2 1 1321 1345 1474 XOR
2 1 1321 1345 1475 AND
1 1 1475 1476 INV
2 1 385 1474 1477 AND
1 1 1477 1478 INV
2 1 1476 1478 1479 AND
1 1 1479 1480 INV
2 1 385 1474 1481 XOR
2 1 1329 1353 1482 XOR
2 1 1329 1353 1483 AND
1 1 1483 1484 INV
2 1 1480 1482 1485 AND
1 1 1485 1486 INV
2 1 1484 1486 1487 AND
1 1 1487 1488 INV
2 1 1480 1482 1489 XOR
2 1 1337 1361 1490 XOR
2 1 1337 1361 1491 AND
1 1 1491 1492 INV
2 1 1488 1490 1493 AND
1 1 1493 1494 INV
2 1 1492 1494 1495 AND
1 1 1495 1496 INV
2 1 1488 1490 1497 XOR
2 1 1336 1360 1498 XOR
2 1 1336 1360 1499 AND
1 1 1499 1500 INV
2 1 1496 1498 1501 AND
1 1 1501 1502 INV
2 1 1500 1502 1503 AND
1 1 1503 1504 INV
2 1 1496 1498 1505 XOR
2 1 1369 1393 1506 XOR
2 1 1369 1393 1507 AND
1 1 1507 1508 INV
2 1 385 1506 1509 AND
1 1 1509 1510 INV
2 1 1508 1510 1511 AND
1 1 1511 1512 INV
2 1 385 1506 1513 XOR
2 1 1377 1401 1514 XOR
2 1 1377 1401 1515 AND
1 1 1515 1516 INV
2 1 1512 1514 1517 AND
1 1 1517 1518 INV
2 1 1516 1518 1519 AND
1 1 1519 1520 INV
2 1 1512 1514 1521 XOR
2 1 1385 1409 1522 XOR
2 1 1385 1409 1523 AND
1 1 1523 1524 INV
2 1 1520 1522 1525 AND
1 1 1525 1526 INV
2 1 1524 1526 1527 AND
1 1 1527 1528 INV
2 1 1520 1522 1529 XOR
2 1 1384 1408 1530 XOR
2 1 1384 1408 1531 AND
1 1 1531 1532 INV
2 1 1528 1530 1533 AND
1 1 1533 1534 INV
2 1 1532 1534 1535 AND
1 1 1535 1536 INV
2 1 1528 1530 1537 XOR
2 1 1417 1449 1538 XOR
2 1 1417 1449 1539 AND
1 1 1539 1540 INV
2 1 385 1538 1541 AND
1 1 1541 1542 INV
2 1 1540 1542 1543 AND
1 1 1543 1544 INV
2 1 385 1538 1545 XOR
2 1 1425 1457 1546 XOR
2 1 1425 1457 1547 AND
1 1 1547 1548 INV
2 1 1544 1546 1549 AND
1 1 1549 1550 INV
2 1 1548 1550 1551 AND
1 1 1551 1552 INV
2 1 1544 1546 1553 XOR
2 1 1433 1465 1554 XOR
2 1 1433 1465 1555 AND
1 1 1555 1556 INV
2 1 1552 1554 1557 AND
1 1 1557 1558 INV
2 1 1556 1558 1559 AND
1 1 1559 1560 INV
2 1 1552 1554 1561 XOR
2 1 1441 1473 1562 XOR
2 1 1441 1473 1563 AND
1 1 1563 1564 INV
2 1 1560 1562 1565 AND
1 1 1565 1566 INV
2 1 1564 1566 1567 AND
1 1 1567 1568 INV
2 1 1560 1562 1569 XOR
2 1 1440 1472 1570 XOR
2 1 1440 1472 1571 AND
1 1 1571 1572 INV
2 1 1568 1570 1573 AND
1 1 1573 1574 INV
2 1 1572 1574 1575 AND
1 1 1575 1576 INV
2 1 1568 1570 1577 XOR
2 1 1481 1513 1578 XOR
2 1 1481 1513 1579 AND
1 1 1579 1580 INV
2 1 385 1578 1581 AND
1 1 1581 1582 INV
2 1 1580 1582 1583 AND
1 1 1583 1584 INV
2 1 385 1578 1585 XOR
2 1 1489 1521 1586 XOR
2 1 1489 1521 1587 AND
1 1 1587 1588 INV
2 1 1584 1586 1589 AND
1 1 1589 1590 INV
2 1 1588 1590 1591 AND
1 1 1591 1592 INV
2 1 1584 1586 1593 XOR
2 1 1497 1529 1594 XOR
2 1 1497 1529 1595 AND
1 1 1595 1596 INV
2 1 1592 1594 1597 AND
1 1 1597 1598 INV
2 1 1596 1598 1599 AND
1 1 1599 1600 INV
2 1 1592 1594 1601 XOR
2 1 1505 1537 1602 XOR
2 1 1505 1537 1603 AND
1 1 1603 1604 INV
2 1 1600 1602 1605 AND
1 1 1605 1606 INV
2 1 1604 1606 1607 AND
1 1 1607 1608 INV
2 1 1600 1602 1609 XOR
2 1 1504 1536 1610 XOR
2 1 1504 1536 1611 AND
1 1 1611 1612 INV
2 1 1608 1610 1613 AND
1 1 1613 1614 INV
2 1 1612 1614 1615 AND
1 1 1615 1616 INV
2 1 1608 1610 1617 XOR
2 1 1545 1585 1618 XOR
2 1 1545 1585 1619 AND
1 1 1619 1620 INV
2 1 385 1618 1621 AND
1 1 1621 1622 INV
2 1 1620 1622 1623 AND
1 1 1623 1624 INV
2 1 385 1618 1625 XOR
2 1 1553 1593 1626 XOR
2 1 1553 1593 1627 AND
1 1 1627 1628 INV
2 1 1624 1626 1629 AND
1 1 1629 1630 INV
2 1 1628 1630 1631 AND
1 1 1631 1632 INV
2 1 1624 1626 1633 XOR
2 1 1561 1601 1634 XOR
2 1 1561 1601 1635 AND
1 1 1635 1636 INV
2 1 1632 1634 1637 AND
1 1 1637 1638 INV
2 1 1636 1638 1639 AND
1 1 1639 1640 INV
2 1 1632 1634 1641 XOR
2 1 1569 1609 1642 XOR
2 1 1569 1609 1643 AND
1 1 1643 1644 INV
2 1 1640 1642 1645 AND
1 1 1645 1646 INV
2 1 1644 1646 1647 AND
1 1 1647 1648 INV
2 1 1640 1642 1649 XOR
2 1 1577 1617 1650 XOR
2 1 1577 1617 1651 AND
1 1 1651 1652 INV
2 1 1648 1650 1653 AND
1 1 1653 1654 INV
2 1 1652 1654 1655 AND
1 1 1655 1656 INV
2 1 1648 1650 1657 XOR
2 1 1576 1616 1658 XOR
2 1 1576 1616 1659 AND
1 1 1659 1660 INV
2 1 1656 1658 1661 AND
1 1 1661 1662 INV
2 1 1660 1662 1663 AND
1 1 1663 1664 INV
2 1 1656 1658 1665 XOR
1 1 1664 1666 INV
1 1 1665 1667 INV
1 1 1657 1668 INV
1 1 1649 1669 INV
1 1 1641 1670 INV
1 1 1633 1671 INV
1 1 1625 1672 INV
2 1 1666 1667 1673 AND
2 1 1668 1669 1674 AND
2 1 1670 1671 1675 AND
2 1 1672 1673 1676 AND
2 1 1674 1675 1677 AND
2 1 1676 1677 1678 AND
1 1 1678 1679 INV
1 1 1679 1680 INV