1
0
0
0
1
0
0
0
1
0
0
0
135
0
0
0
144
100
23
131
119
85
0
0
160
126
23
131
119
85
0
0
51
38
0
0
0
0
0
0
0
0
0
0
0
0
0
0
147
0
255
60
38
116
161
31
81
135
6
111
53
104
5
108
121
86
84
157
165
197
145
112
181
72
55
58
237
240
230
165
4
221
94
138
24
87
170
43
197
20
213
82
47
129
220
235
175
91
95
93
237
166
207
177
109
174
150
46
47
89
200
71
216
168
237
244
154
242
107
41
122
200
48
223
241
15
244
190
9
137
199
192
169
24
131
47
115
159
21
168
138
240
253
251
93
226
43
228
158
76
49
195
6
216
202
185
166
53
204
65
140
195
1
208
173
166
217
197
15
143
239
206
221
202
197
4
151
4
124
148
79
16
73
205
83
81
23
171
63
207
8
52
156
113
201
30
191
98
48
204
25
206
110
7
134
105
23
77
90
193
8
155
54
25
209
17
185
134
109
244
218
189
205
101
249
197
137
105
244
129
200
79
75
63
187
128
247
17
140
163
113
251
130
137
108
130
194
35
141
232
42
226
163
120
35
62
16
69
73
147
203
151
183
130
24
192
184
35
26
3
200
183
88
77
148
232
148
23
71
212
135
62
237
53
186
205
242
19
121
45
113
60
175
210
192
87
26
50
128
213
10
79
234
210
142
251
118
186
106
77
146
86
0
158
41
195
66
114
144
95
208
71
12
131
119
85
0
0
64
40
225
206
255
127
0
0
32
176
212
129
119
85
0
0
176
254
11
131
119
85
0
0
1
0
0
0
