1297 1615
159 159 1

1 1 0 318 INV
2 1 0 318 319 AND
2 1 0 159 320 AND
2 1 1 160 321 XOR
2 1 2 161 322 XOR
1 1 321 323 INV
1 1 322 324 INV
2 1 323 324 325 AND
1 1 325 326 INV
2 1 320 326 327 AND
2 1 3 162 328 AND
2 1 4 163 329 XOR
2 1 5 164 330 XOR
1 1 329 331 INV
1 1 330 332 INV
2 1 331 332 333 AND
1 1 333 334 INV
2 1 328 334 335 AND
2 1 6 165 336 AND
2 1 7 166 337 XOR
2 1 8 167 338 XOR
1 1 337 339 INV
1 1 338 340 INV
2 1 339 340 341 AND
1 1 341 342 INV
2 1 336 342 343 AND
2 1 9 168 344 AND
2 1 10 169 345 XOR
2 1 11 170 346 XOR
1 1 345 347 INV
1 1 346 348 INV
2 1 347 348 349 AND
1 1 349 350 INV
2 1 344 350 351 AND
2 1 12 171 352 AND
2 1 13 172 353 XOR
2 1 14 173 354 XOR
1 1 353 355 INV
1 1 354 356 INV
2 1 355 356 357 AND
1 1 357 358 INV
2 1 352 358 359 AND
2 1 15 174 360 AND
2 1 16 175 361 XOR
2 1 17 176 362 XOR
1 1 361 363 INV
1 1 362 364 INV
2 1 363 364 365 AND
1 1 365 366 INV
2 1 360 366 367 AND
2 1 18 177 368 AND
2 1 19 178 369 XOR
2 1 20 179 370 XOR
1 1 369 371 INV
1 1 370 372 INV
2 1 371 372 373 AND
1 1 373 374 INV
2 1 368 374 375 AND
2 1 21 180 376 AND
2 1 22 181 377 XOR
2 1 23 182 378 XOR
1 1 377 379 INV
1 1 378 380 INV
2 1 379 380 381 AND
1 1 381 382 INV
2 1 376 382 383 AND
2 1 24 183 384 AND
2 1 25 184 385 XOR
2 1 26 185 386 XOR
1 1 385 387 INV
1 1 386 388 INV
2 1 387 388 389 AND
1 1 389 390 INV
2 1 384 390 391 AND
2 1 27 186 392 AND
2 1 28 187 393 XOR
2 1 29 188 394 XOR
1 1 393 395 INV
1 1 394 396 INV
2 1 395 396 397 AND
1 1 397 398 INV
2 1 392 398 399 AND
2 1 30 189 400 AND
2 1 31 190 401 XOR
2 1 32 191 402 XOR
1 1 401 403 INV
1 1 402 404 INV
2 1 403 404 405 AND
1 1 405 406 INV
2 1 400 406 407 AND
2 1 33 192 408 AND
2 1 34 193 409 XOR
2 1 35 194 410 XOR
1 1 409 411 INV
1 1 410 412 INV
2 1 411 412 413 AND
1 1 413 414 INV
2 1 408 414 415 AND
2 1 36 195 416 AND
2 1 37 196 417 XOR
2 1 38 197 418 XOR
1 1 417 419 INV
1 1 418 420 INV
2 1 419 420 421 AND
1 1 421 422 INV
2 1 416 422 423 AND
2 1 39 198 424 AND
2 1 40 199 425 XOR
2 1 41 200 426 XOR
1 1 425 427 INV
1 1 426 428 INV
2 1 427 428 429 AND
1 1 429 430 INV
2 1 424 430 431 AND
2 1 42 201 432 AND
2 1 43 202 433 XOR
2 1 44 203 434 XOR
1 1 433 435 INV
1 1 434 436 INV
2 1 435 436 437 AND
1 1 437 438 INV
2 1 432 438 439 AND
2 1 45 204 440 AND
2 1 46 205 441 XOR
2 1 47 206 442 XOR
1 1 441 443 INV
1 1 442 444 INV
2 1 443 444 445 AND
1 1 445 446 INV
2 1 440 446 447 AND
2 1 48 207 448 AND
2 1 49 208 449 XOR
2 1 50 209 450 XOR
1 1 449 451 INV
1 1 450 452 INV
2 1 451 452 453 AND
1 1 453 454 INV
2 1 448 454 455 AND
2 1 51 210 456 AND
2 1 52 211 457 XOR
2 1 53 212 458 XOR
1 1 457 459 INV
1 1 458 460 INV
2 1 459 460 461 AND
1 1 461 462 INV
2 1 456 462 463 AND
2 1 54 213 464 AND
2 1 55 214 465 XOR
2 1 56 215 466 XOR
1 1 465 467 INV
1 1 466 468 INV
2 1 467 468 469 AND
1 1 469 470 INV
2 1 464 470 471 AND
2 1 57 216 472 AND
2 1 58 217 473 XOR
2 1 59 218 474 XOR
1 1 473 475 INV
1 1 474 476 INV
2 1 475 476 477 AND
1 1 477 478 INV
2 1 472 478 479 AND
2 1 60 219 480 AND
2 1 61 220 481 XOR
2 1 62 221 482 XOR
1 1 481 483 INV
1 1 482 484 INV
2 1 483 484 485 AND
1 1 485 486 INV
2 1 480 486 487 AND
2 1 63 222 488 AND
2 1 64 223 489 XOR
2 1 65 224 490 XOR
1 1 489 491 INV
1 1 490 492 INV
2 1 491 492 493 AND
1 1 493 494 INV
2 1 488 494 495 AND
2 1 66 225 496 AND
2 1 67 226 497 XOR
2 1 68 227 498 XOR
1 1 497 499 INV
1 1 498 500 INV
2 1 499 500 501 AND
1 1 501 502 INV
2 1 496 502 503 AND
2 1 69 228 504 AND
2 1 70 229 505 XOR
2 1 71 230 506 XOR
1 1 505 507 INV
1 1 506 508 INV
2 1 507 508 509 AND
1 1 509 510 INV
2 1 504 510 511 AND
2 1 72 231 512 AND
2 1 73 232 513 XOR
2 1 74 233 514 XOR
1 1 513 515 INV
1 1 514 516 INV
2 1 515 516 517 AND
1 1 517 518 INV
2 1 512 518 519 AND
2 1 75 234 520 AND
2 1 76 235 521 XOR
2 1 77 236 522 XOR
1 1 521 523 INV
1 1 522 524 INV
2 1 523 524 525 AND
1 1 525 526 INV
2 1 520 526 527 AND
2 1 78 237 528 AND
2 1 79 238 529 XOR
2 1 80 239 530 XOR
1 1 529 531 INV
1 1 530 532 INV
2 1 531 532 533 AND
1 1 533 534 INV
2 1 528 534 535 AND
2 1 81 240 536 AND
2 1 82 241 537 XOR
2 1 83 242 538 XOR
1 1 537 539 INV
1 1 538 540 INV
2 1 539 540 541 AND
1 1 541 542 INV
2 1 536 542 543 AND
2 1 84 243 544 AND
2 1 85 244 545 XOR
2 1 86 245 546 XOR
1 1 545 547 INV
1 1 546 548 INV
2 1 547 548 549 AND
1 1 549 550 INV
2 1 544 550 551 AND
2 1 87 246 552 AND
2 1 88 247 553 XOR
2 1 89 248 554 XOR
1 1 553 555 INV
1 1 554 556 INV
2 1 555 556 557 AND
1 1 557 558 INV
2 1 552 558 559 AND
2 1 90 249 560 AND
2 1 91 250 561 XOR
2 1 92 251 562 XOR
1 1 561 563 INV
1 1 562 564 INV
2 1 563 564 565 AND
1 1 565 566 INV
2 1 560 566 567 AND
2 1 93 252 568 AND
2 1 94 253 569 XOR
2 1 95 254 570 XOR
1 1 569 571 INV
1 1 570 572 INV
2 1 571 572 573 AND
1 1 573 574 INV
2 1 568 574 575 AND
2 1 96 255 576 AND
2 1 97 256 577 XOR
2 1 98 257 578 XOR
1 1 577 579 INV
1 1 578 580 INV
2 1 579 580 581 AND
1 1 581 582 INV
2 1 576 582 583 AND
2 1 99 258 584 AND
2 1 100 259 585 XOR
2 1 101 260 586 XOR
1 1 585 587 INV
1 1 586 588 INV
2 1 587 588 589 AND
1 1 589 590 INV
2 1 584 590 591 AND
2 1 102 261 592 AND
2 1 103 262 593 XOR
2 1 104 263 594 XOR
1 1 593 595 INV
1 1 594 596 INV
2 1 595 596 597 AND
1 1 597 598 INV
2 1 592 598 599 AND
2 1 105 264 600 AND
2 1 106 265 601 XOR
2 1 107 266 602 XOR
1 1 601 603 INV
1 1 602 604 INV
2 1 603 604 605 AND
1 1 605 606 INV
2 1 600 606 607 AND
2 1 108 267 608 AND
2 1 109 268 609 XOR
2 1 110 269 610 XOR
1 1 609 611 INV
1 1 610 612 INV
2 1 611 612 613 AND
1 1 613 614 INV
2 1 608 614 615 AND
2 1 111 270 616 AND
2 1 112 271 617 XOR
2 1 113 272 618 XOR
1 1 617 619 INV
1 1 618 620 INV
2 1 619 620 621 AND
1 1 621 622 INV
2 1 616 622 623 AND
2 1 114 273 624 AND
2 1 115 274 625 XOR
2 1 116 275 626 XOR
1 1 625 627 INV
1 1 626 628 INV
2 1 627 628 629 AND
1 1 629 630 INV
2 1 624 630 631 AND
2 1 117 276 632 AND
2 1 118 277 633 XOR
2 1 119 278 634 XOR
1 1 633 635 INV
1 1 634 636 INV
2 1 635 636 637 AND
1 1 637 638 INV
2 1 632 638 639 AND
2 1 120 279 640 AND
2 1 121 280 641 XOR
2 1 122 281 642 XOR
1 1 641 643 INV
1 1 642 644 INV
2 1 643 644 645 AND
1 1 645 646 INV
2 1 640 646 647 AND
2 1 123 282 648 AND
2 1 124 283 649 XOR
2 1 125 284 650 XOR
1 1 649 651 INV
1 1 650 652 INV
2 1 651 652 653 AND
1 1 653 654 INV
2 1 648 654 655 AND
2 1 126 285 656 AND
2 1 127 286 657 XOR
2 1 128 287 658 XOR
1 1 657 659 INV
1 1 658 660 INV
2 1 659 660 661 AND
1 1 661 662 INV
2 1 656 662 663 AND
2 1 129 288 664 AND
2 1 130 289 665 XOR
2 1 131 290 666 XOR
1 1 665 667 INV
1 1 666 668 INV
2 1 667 668 669 AND
1 1 669 670 INV
2 1 664 670 671 AND
2 1 132 291 672 AND
2 1 133 292 673 XOR
2 1 134 293 674 XOR
1 1 673 675 INV
1 1 674 676 INV
2 1 675 676 677 AND
1 1 677 678 INV
2 1 672 678 679 AND
2 1 135 294 680 AND
2 1 136 295 681 XOR
2 1 137 296 682 XOR
1 1 681 683 INV
1 1 682 684 INV
2 1 683 684 685 AND
1 1 685 686 INV
2 1 680 686 687 AND
2 1 138 297 688 AND
2 1 139 298 689 XOR
2 1 140 299 690 XOR
1 1 689 691 INV
1 1 690 692 INV
2 1 691 692 693 AND
1 1 693 694 INV
2 1 688 694 695 AND
2 1 141 300 696 AND
2 1 142 301 697 XOR
2 1 143 302 698 XOR
1 1 697 699 INV
1 1 698 700 INV
2 1 699 700 701 AND
1 1 701 702 INV
2 1 696 702 703 AND
2 1 144 303 704 AND
2 1 145 304 705 XOR
2 1 146 305 706 XOR
1 1 705 707 INV
1 1 706 708 INV
2 1 707 708 709 AND
1 1 709 710 INV
2 1 704 710 711 AND
2 1 147 306 712 AND
2 1 148 307 713 XOR
2 1 149 308 714 XOR
1 1 713 715 INV
1 1 714 716 INV
2 1 715 716 717 AND
1 1 717 718 INV
2 1 712 718 719 AND
2 1 150 309 720 AND
2 1 151 310 721 XOR
2 1 152 311 722 XOR
1 1 721 723 INV
1 1 722 724 INV
2 1 723 724 725 AND
1 1 725 726 INV
2 1 720 726 727 AND
2 1 153 312 728 AND
2 1 154 313 729 XOR
2 1 155 314 730 XOR
1 1 729 731 INV
1 1 730 732 INV
2 1 731 732 733 AND
1 1 733 734 INV
2 1 728 734 735 AND
2 1 156 315 736 AND
2 1 157 316 737 XOR
2 1 158 317 738 XOR
1 1 737 739 INV
1 1 738 740 INV
2 1 739 740 741 AND
1 1 741 742 INV
2 1 736 742 743 AND
2 1 319 319 744 AND
2 1 319 319 745 XOR
2 1 319 319 746 XOR
1 1 745 747 INV
1 1 746 748 INV
2 1 747 748 749 AND
1 1 749 750 INV
2 1 744 750 751 AND
2 1 319 319 752 AND
2 1 319 319 753 XOR
2 1 319 319 754 XOR
1 1 753 755 INV
1 1 754 756 INV
2 1 755 756 757 AND
1 1 757 758 INV
2 1 752 758 759 AND
2 1 319 319 760 AND
2 1 319 319 761 XOR
2 1 319 319 762 XOR
1 1 761 763 INV
1 1 762 764 INV
2 1 763 764 765 AND
1 1 765 766 INV
2 1 760 766 767 AND
2 1 319 319 768 AND
2 1 319 319 769 XOR
2 1 319 319 770 XOR
1 1 769 771 INV
1 1 770 772 INV
2 1 771 772 773 AND
1 1 773 774 INV
2 1 768 774 775 AND
2 1 319 319 776 AND
2 1 319 319 777 XOR
2 1 319 319 778 XOR
1 1 777 779 INV
1 1 778 780 INV
2 1 779 780 781 AND
1 1 781 782 INV
2 1 776 782 783 AND
2 1 319 319 784 AND
2 1 319 319 785 XOR
2 1 319 319 786 XOR
1 1 785 787 INV
1 1 786 788 INV
2 1 787 788 789 AND
1 1 789 790 INV
2 1 784 790 791 AND
2 1 319 319 792 AND
2 1 319 319 793 XOR
2 1 319 319 794 XOR
1 1 793 795 INV
1 1 794 796 INV
2 1 795 796 797 AND
1 1 797 798 INV
2 1 792 798 799 AND
2 1 319 319 800 AND
2 1 319 319 801 XOR
2 1 319 319 802 XOR
1 1 801 803 INV
1 1 802 804 INV
2 1 803 804 805 AND
1 1 805 806 INV
2 1 800 806 807 AND
2 1 319 319 808 AND
2 1 319 319 809 XOR
2 1 319 319 810 XOR
1 1 809 811 INV
1 1 810 812 INV
2 1 811 812 813 AND
1 1 813 814 INV
2 1 808 814 815 AND
2 1 319 319 816 AND
2 1 319 319 817 XOR
2 1 319 319 818 XOR
1 1 817 819 INV
1 1 818 820 INV
2 1 819 820 821 AND
1 1 821 822 INV
2 1 816 822 823 AND
2 1 319 319 824 AND
2 1 319 319 825 XOR
2 1 319 319 826 XOR
1 1 825 827 INV
1 1 826 828 INV
2 1 827 828 829 AND
1 1 829 830 INV
2 1 824 830 831 AND
2 1 327 335 832 AND
2 1 327 335 833 XOR
2 1 343 351 834 AND
2 1 343 351 835 XOR
2 1 359 367 836 AND
2 1 359 367 837 XOR
2 1 375 383 838 AND
2 1 375 383 839 XOR
2 1 391 399 840 AND
2 1 391 399 841 XOR
2 1 407 415 842 AND
2 1 407 415 843 XOR
2 1 423 431 844 AND
2 1 423 431 845 XOR
2 1 439 447 846 AND
2 1 439 447 847 XOR
2 1 455 463 848 AND
2 1 455 463 849 XOR
2 1 471 479 850 AND
2 1 471 479 851 XOR
2 1 487 495 852 AND
2 1 487 495 853 XOR
2 1 503 511 854 AND
2 1 503 511 855 XOR
2 1 519 527 856 AND
2 1 519 527 857 XOR
2 1 535 543 858 AND
2 1 535 543 859 XOR
2 1 551 559 860 AND
2 1 551 559 861 XOR
2 1 567 575 862 AND
2 1 567 575 863 XOR
2 1 583 591 864 AND
2 1 583 591 865 XOR
2 1 599 607 866 AND
2 1 599 607 867 XOR
2 1 615 623 868 AND
2 1 615 623 869 XOR
2 1 631 639 870 AND
2 1 631 639 871 XOR
2 1 647 655 872 AND
2 1 647 655 873 XOR
2 1 663 671 874 AND
2 1 663 671 875 XOR
2 1 679 687 876 AND
2 1 679 687 877 XOR
2 1 695 703 878 AND
2 1 695 703 879 XOR
2 1 711 719 880 AND
2 1 711 719 881 XOR
2 1 727 735 882 AND
2 1 727 735 883 XOR
2 1 743 751 884 AND
2 1 743 751 885 XOR
2 1 759 767 886 AND
2 1 759 767 887 XOR
2 1 775 783 888 AND
2 1 775 783 889 XOR
2 1 791 799 890 AND
2 1 791 799 891 XOR
2 1 807 815 892 AND
2 1 807 815 893 XOR
2 1 823 831 894 AND
2 1 823 831 895 XOR
2 1 833 835 896 XOR
2 1 833 835 897 AND
1 1 897 898 INV
2 1 319 896 899 AND
1 1 899 900 INV
2 1 898 900 901 AND
1 1 901 902 INV
2 1 319 896 903 XOR
2 1 832 834 904 XOR
2 1 832 834 905 AND
1 1 905 906 INV
2 1 902 904 907 AND
1 1 907 908 INV
2 1 906 908 909 AND
1 1 909 910 INV
2 1 902 904 911 XOR
2 1 837 839 912 XOR
2 1 837 839 913 AND
1 1 913 914 INV
2 1 319 912 915 AND
1 1 915 916 INV
2 1 914 916 917 AND
1 1 917 918 INV
2 1 319 912 919 XOR
2 1 836 838 920 XOR
2 1 836 838 921 AND
1 1 921 922 INV
2 1 918 920 923 AND
1 1 923 924 INV
2 1 922 924 925 AND
1 1 925 926 INV
2 1 918 920 927 XOR
2 1 841 843 928 XOR
2 1 841 843 929 AND
1 1 929 930 INV
2 1 319 928 931 AND
1 1 931 932 INV
2 1 930 932 933 AND
1 1 933 934 INV
2 1 319 928 935 XOR
2 1 840 842 936 XOR
2 1 840 842 937 AND
1 1 937 938 INV
2 1 934 936 939 AND
1 1 939 940 INV
2 1 938 940 941 AND
1 1 941 942 INV
2 1 934 936 943 XOR
2 1 845 847 944 XOR
2 1 845 847 945 AND
1 1 945 946 INV
2 1 319 944 947 AND
1 1 947 948 INV
2 1 946 948 949 AND
1 1 949 950 INV
2 1 319 944 951 XOR
2 1 844 846 952 XOR
2 1 844 846 953 AND
1 1 953 954 INV
2 1 950 952 955 AND
1 1 955 956 INV
2 1 954 956 957 AND
1 1 957 958 INV
2 1 950 952 959 XOR
2 1 849 851 960 XOR
2 1 849 851 961 AND
1 1 961 962 INV
2 1 319 960 963 AND
1 1 963 964 INV
2 1 962 964 965 AND
1 1 965 966 INV
2 1 319 960 967 XOR
2 1 848 850 968 XOR
2 1 848 850 969 AND
1 1 969 970 INV
2 1 966 968 971 AND
1 1 971 972 INV
2 1 970 972 973 AND
1 1 973 974 INV
2 1 966 968 975 XOR
2 1 853 855 976 XOR
2 1 853 855 977 AND
1 1 977 978 INV
2 1 319 976 979 AND
1 1 979 980 INV
2 1 978 980 981 AND
1 1 981 982 INV
2 1 319 976 983 XOR
2 1 852 854 984 XOR
2 1 852 854 985 AND
1 1 985 986 INV
2 1 982 984 987 AND
1 1 987 988 INV
2 1 986 988 989 AND
1 1 989 990 INV
2 1 982 984 991 XOR
2 1 857 859 992 XOR
2 1 857 859 993 AND
1 1 993 994 INV
2 1 319 992 995 AND
1 1 995 996 INV
2 1 994 996 997 AND
1 1 997 998 INV
2 1 319 992 999 XOR
2 1 856 858 1000 XOR
2 1 856 858 1001 AND
1 1 1001 1002 INV
2 1 998 1000 1003 AND
1 1 1003 1004 INV
2 1 1002 1004 1005 AND
1 1 1005 1006 INV
2 1 998 1000 1007 XOR
2 1 861 863 1008 XOR
2 1 861 863 1009 AND
1 1 1009 1010 INV
2 1 319 1008 1011 AND
1 1 1011 1012 INV
2 1 1010 1012 1013 AND
1 1 1013 1014 INV
2 1 319 1008 1015 XOR
2 1 860 862 1016 XOR
2 1 860 862 1017 AND
1 1 1017 1018 INV
2 1 1014 1016 1019 AND
1 1 1019 1020 INV
2 1 1018 1020 1021 AND
1 1 1021 1022 INV
2 1 1014 1016 1023 XOR
2 1 865 867 1024 XOR
2 1 865 867 1025 AND
1 1 1025 1026 INV
2 1 319 1024 1027 AND
1 1 1027 1028 INV
2 1 1026 1028 1029 AND
1 1 1029 1030 INV
2 1 319 1024 1031 XOR
2 1 864 866 1032 XOR
2 1 864 866 1033 AND
1 1 1033 1034 INV
2 1 1030 1032 1035 AND
1 1 1035 1036 INV
2 1 1034 1036 1037 AND
1 1 1037 1038 INV
2 1 1030 1032 1039 XOR
2 1 869 871 1040 XOR
2 1 869 871 1041 AND
1 1 1041 1042 INV
2 1 319 1040 1043 AND
1 1 1043 1044 INV
2 1 1042 1044 1045 AND
1 1 1045 1046 INV
2 1 319 1040 1047 XOR
2 1 868 870 1048 XOR
2 1 868 870 1049 AND
1 1 1049 1050 INV
2 1 1046 1048 1051 AND
1 1 1051 1052 INV
2 1 1050 1052 1053 AND
1 1 1053 1054 INV
2 1 1046 1048 1055 XOR
2 1 873 875 1056 XOR
2 1 873 875 1057 AND
1 1 1057 1058 INV
2 1 319 1056 1059 AND
1 1 1059 1060 INV
2 1 1058 1060 1061 AND
1 1 1061 1062 INV
2 1 319 1056 1063 XOR
2 1 872 874 1064 XOR
2 1 872 874 1065 AND
1 1 1065 1066 INV
2 1 1062 1064 1067 AND
1 1 1067 1068 INV
2 1 1066 1068 1069 AND
1 1 1069 1070 INV
2 1 1062 1064 1071 XOR
2 1 877 879 1072 XOR
2 1 877 879 1073 AND
1 1 1073 1074 INV
2 1 319 1072 1075 AND
1 1 1075 1076 INV
2 1 1074 1076 1077 AND
1 1 1077 1078 INV
2 1 319 1072 1079 XOR
2 1 876 878 1080 XOR
2 1 876 878 1081 AND
1 1 1081 1082 INV
2 1 1078 1080 1083 AND
1 1 1083 1084 INV
2 1 1082 1084 1085 AND
1 1 1085 1086 INV
2 1 1078 1080 1087 XOR
2 1 881 883 1088 XOR
2 1 881 883 1089 AND
1 1 1089 1090 INV
2 1 319 1088 1091 AND
1 1 1091 1092 INV
2 1 1090 1092 1093 AND
1 1 1093 1094 INV
2 1 319 1088 1095 XOR
2 1 880 882 1096 XOR
2 1 880 882 1097 AND
1 1 1097 1098 INV
2 1 1094 1096 1099 AND
1 1 1099 1100 INV
2 1 1098 1100 1101 AND
1 1 1101 1102 INV
2 1 1094 1096 1103 XOR
2 1 885 887 1104 XOR
2 1 885 887 1105 AND
1 1 1105 1106 INV
2 1 319 1104 1107 AND
1 1 1107 1108 INV
2 1 1106 1108 1109 AND
1 1 1109 1110 INV
2 1 319 1104 1111 XOR
2 1 884 886 1112 XOR
2 1 884 886 1113 AND
1 1 1113 1114 INV
2 1 1110 1112 1115 AND
1 1 1115 1116 INV
2 1 1114 1116 1117 AND
1 1 1117 1118 INV
2 1 1110 1112 1119 XOR
2 1 889 891 1120 XOR
2 1 889 891 1121 AND
1 1 1121 1122 INV
2 1 319 1120 1123 AND
1 1 1123 1124 INV
2 1 1122 1124 1125 AND
1 1 1125 1126 INV
2 1 319 1120 1127 XOR
2 1 888 890 1128 XOR
2 1 888 890 1129 AND
1 1 1129 1130 INV
2 1 1126 1128 1131 AND
1 1 1131 1132 INV
2 1 1130 1132 1133 AND
1 1 1133 1134 INV
2 1 1126 1128 1135 XOR
2 1 893 895 1136 XOR
2 1 893 895 1137 AND
1 1 1137 1138 INV
2 1 319 1136 1139 AND
1 1 1139 1140 INV
2 1 1138 1140 1141 AND
1 1 1141 1142 INV
2 1 319 1136 1143 XOR
2 1 892 894 1144 XOR
2 1 892 894 1145 AND
1 1 1145 1146 INV
2 1 1142 1144 1147 AND
1 1 1147 1148 INV
2 1 1146 1148 1149 AND
1 1 1149 1150 INV
2 1 1142 1144 1151 XOR
2 1 903 919 1152 XOR
2 1 903 919 1153 AND
1 1 1153 1154 INV
2 1 319 1152 1155 AND
1 1 1155 1156 INV
2 1 1154 1156 1157 AND
1 1 1157 1158 INV
2 1 319 1152 1159 XOR
2 1 911 927 1160 XOR
2 1 911 927 1161 AND
1 1 1161 1162 INV
2 1 1158 1160 1163 AND
1 1 1163 1164 INV
2 1 1162 1164 1165 AND
1 1 1165 1166 INV
2 1 1158 1160 1167 XOR
2 1 910 926 1168 XOR
2 1 910 926 1169 AND
1 1 1169 1170 INV
2 1 1166 1168 1171 AND
1 1 1171 1172 INV
2 1 1170 1172 1173 AND
1 1 1173 1174 INV
2 1 1166 1168 1175 XOR
2 1 935 951 1176 XOR
2 1 935 951 1177 AND
1 1 1177 1178 INV
2 1 319 1176 1179 AND
1 1 1179 1180 INV
2 1 1178 1180 1181 AND
1 1 1181 1182 INV
2 1 319 1176 1183 XOR
2 1 943 959 1184 XOR
2 1 943 959 1185 AND
1 1 1185 1186 INV
2 1 1182 1184 1187 AND
1 1 1187 1188 INV
2 1 1186 1188 1189 AND
1 1 1189 1190 INV
2 1 1182 1184 1191 XOR
2 1 942 958 1192 XOR
2 1 942 958 1193 AND
1 1 1193 1194 INV
2 1 1190 1192 1195 AND
1 1 1195 1196 INV
2 1 1194 1196 1197 AND
1 1 1197 1198 INV
2 1 1190 1192 1199 XOR
2 1 967 983 1200 XOR
2 1 967 983 1201 AND
1 1 1201 1202 INV
2 1 319 1200 1203 AND
1 1 1203 1204 INV
2 1 1202 1204 1205 AND
1 1 1205 1206 INV
2 1 319 1200 1207 XOR
2 1 975 991 1208 XOR
2 1 975 991 1209 AND
1 1 1209 1210 INV
2 1 1206 1208 1211 AND
1 1 1211 1212 INV
2 1 1210 1212 1213 AND
1 1 1213 1214 INV
2 1 1206 1208 1215 XOR
2 1 974 990 1216 XOR
2 1 974 990 1217 AND
1 1 1217 1218 INV
2 1 1214 1216 1219 AND
1 1 1219 1220 INV
2 1 1218 1220 1221 AND
1 1 1221 1222 INV
2 1 1214 1216 1223 XOR
2 1 999 1015 1224 XOR
2 1 999 1015 1225 AND
1 1 1225 1226 INV
2 1 319 1224 1227 AND
1 1 1227 1228 INV
2 1 1226 1228 1229 AND
1 1 1229 1230 INV
2 1 319 1224 1231 XOR
2 1 1007 1023 1232 XOR
2 1 1007 1023 1233 AND
1 1 1233 1234 INV
2 1 1230 1232 1235 AND
1 1 1235 1236 INV
2 1 1234 1236 1237 AND
1 1 1237 1238 INV
2 1 1230 1232 1239 XOR
2 1 1006 1022 1240 XOR
2 1 1006 1022 1241 AND
1 1 1241 1242 INV
2 1 1238 1240 1243 AND
1 1 1243 1244 INV
2 1 1242 1244 1245 AND
1 1 1245 1246 INV
2 1 1238 1240 1247 XOR
2 1 1031 1047 1248 XOR
2 1 1031 1047 1249 AND
1 1 1249 1250 INV
2 1 319 1248 1251 AND
1 1 1251 1252 INV
2 1 1250 1252 1253 AND
1 1 1253 1254 INV
2 1 319 1248 1255 XOR
2 1 1039 1055 1256 XOR
2 1 1039 1055 1257 AND
1 1 1257 1258 INV
2 1 1254 1256 1259 AND
1 1 1259 1260 INV
2 1 1258 1260 1261 AND
1 1 1261 1262 INV
2 1 1254 1256 1263 XOR
2 1 1038 1054 1264 XOR
2 1 1038 1054 1265 AND
1 1 1265 1266 INV
2 1 1262 1264 1267 AND
1 1 1267 1268 INV
2 1 1266 1268 1269 AND
1 1 1269 1270 INV
2 1 1262 1264 1271 XOR
2 1 1063 1079 1272 XOR
2 1 1063 1079 1273 AND
1 1 1273 1274 INV
2 1 319 1272 1275 AND
1 1 1275 1276 INV
2 1 1274 1276 1277 AND
1 1 1277 1278 INV
2 1 319 1272 1279 XOR
2 1 1071 1087 1280 XOR
2 1 1071 1087 1281 AND
1 1 1281 1282 INV
2 1 1278 1280 1283 AND
1 1 1283 1284 INV
2 1 1282 1284 1285 AND
1 1 1285 1286 INV
2 1 1278 1280 1287 XOR
2 1 1070 1086 1288 XOR
2 1 1070 1086 1289 AND
1 1 1289 1290 INV
2 1 1286 1288 1291 AND
1 1 1291 1292 INV
2 1 1290 1292 1293 AND
1 1 1293 1294 INV
2 1 1286 1288 1295 XOR
2 1 1095 1111 1296 XOR
2 1 1095 1111 1297 AND
1 1 1297 1298 INV
2 1 319 1296 1299 AND
1 1 1299 1300 INV
2 1 1298 1300 1301 AND
1 1 1301 1302 INV
2 1 319 1296 1303 XOR
2 1 1103 1119 1304 XOR
2 1 1103 1119 1305 AND
1 1 1305 1306 INV
2 1 1302 1304 1307 AND
1 1 1307 1308 INV
2 1 1306 1308 1309 AND
1 1 1309 1310 INV
2 1 1302 1304 1311 XOR
2 1 1102 1118 1312 XOR
2 1 1102 1118 1313 AND
1 1 1313 1314 INV
2 1 1310 1312 1315 AND
1 1 1315 1316 INV
2 1 1314 1316 1317 AND
1 1 1317 1318 INV
2 1 1310 1312 1319 XOR
2 1 1127 1143 1320 XOR
2 1 1127 1143 1321 AND
1 1 1321 1322 INV
2 1 319 1320 1323 AND
1 1 1323 1324 INV
2 1 1322 1324 1325 AND
1 1 1325 1326 INV
2 1 319 1320 1327 XOR
2 1 1135 1151 1328 XOR
2 1 1135 1151 1329 AND
1 1 1329 1330 INV
2 1 1326 1328 1331 AND
1 1 1331 1332 INV
2 1 1330 1332 1333 AND
1 1 1333 1334 INV
2 1 1326 1328 1335 XOR
2 1 1134 1150 1336 XOR
2 1 1134 1150 1337 AND
1 1 1337 1338 INV
2 1 1334 1336 1339 AND
1 1 1339 1340 INV
2 1 1338 1340 1341 AND
1 1 1341 1342 INV
2 1 1334 1336 1343 XOR
2 1 1159 1183 1344 XOR
2 1 1159 1183 1345 AND
1 1 1345 1346 INV
2 1 319 1344 1347 AND
1 1 1347 1348 INV
2 1 1346 1348 1349 AND
1 1 1349 1350 INV
2 1 319 1344 1351 XOR
2 1 1167 1191 1352 XOR
2 1 1167 1191 1353 AND
1 1 1353 1354 INV
2 1 1350 1352 1355 AND
1 1 1355 1356 INV
2 1 1354 1356 1357 AND
1 1 1357 1358 INV
2 1 1350 1352 1359 XOR
2 1 1175 1199 1360 XOR
2 1 1175 1199 1361 AND
1 1 1361 1362 INV
2 1 1358 1360 1363 AND
1 1 1363 1364 INV
2 1 1362 1364 1365 AND
1 1 1365 1366 INV
2 1 1358 1360 1367 XOR
2 1 1174 1198 1368 XOR
2 1 1174 1198 1369 AND
1 1 1369 1370 INV
2 1 1366 1368 1371 AND
1 1 1371 1372 INV
2 1 1370 1372 1373 AND
1 1 1373 1374 INV
2 1 1366 1368 1375 XOR
2 1 1207 1231 1376 XOR
2 1 1207 1231 1377 AND
1 1 1377 1378 INV
2 1 319 1376 1379 AND
1 1 1379 1380 INV
2 1 1378 1380 1381 AND
1 1 1381 1382 INV
2 1 319 1376 1383 XOR
2 1 1215 1239 1384 XOR
2 1 1215 1239 1385 AND
1 1 1385 1386 INV
2 1 1382 1384 1387 AND
1 1 1387 1388 INV
2 1 1386 1388 1389 AND
1 1 1389 1390 INV
2 1 1382 1384 1391 XOR
2 1 1223 1247 1392 XOR
2 1 1223 1247 1393 AND
1 1 1393 1394 INV
2 1 1390 1392 1395 AND
1 1 1395 1396 INV
2 1 1394 1396 1397 AND
1 1 1397 1398 INV
2 1 1390 1392 1399 XOR
2 1 1222 1246 1400 XOR
2 1 1222 1246 1401 AND
1 1 1401 1402 INV
2 1 1398 1400 1403 AND
1 1 1403 1404 INV
2 1 1402 1404 1405 AND
1 1 1405 1406 INV
2 1 1398 1400 1407 XOR
2 1 1255 1279 1408 XOR
2 1 1255 1279 1409 AND
1 1 1409 1410 INV
2 1 319 1408 1411 AND
1 1 1411 1412 INV
2 1 1410 1412 1413 AND
1 1 1413 1414 INV
2 1 319 1408 1415 XOR
2 1 1263 1287 1416 XOR
2 1 1263 1287 1417 AND
1 1 1417 1418 INV
2 1 1414 1416 1419 AND
1 1 1419 1420 INV
2 1 1418 1420 1421 AND
1 1 1421 1422 INV
2 1 1414 1416 1423 XOR
2 1 1271 1295 1424 XOR
2 1 1271 1295 1425 AND
1 1 1425 1426 INV
2 1 1422 1424 1427 AND
1 1 1427 1428 INV
2 1 1426 1428 1429 AND
1 1 1429 1430 INV
2 1 1422 1424 1431 XOR
2 1 1270 1294 1432 XOR
2 1 1270 1294 1433 AND
1 1 1433 1434 INV
2 1 1430 1432 1435 AND
1 1 1435 1436 INV
2 1 1434 1436 1437 AND
1 1 1437 1438 INV
2 1 1430 1432 1439 XOR
2 1 1303 1327 1440 XOR
2 1 1303 1327 1441 AND
1 1 1441 1442 INV
2 1 319 1440 1443 AND
1 1 1443 1444 INV
2 1 1442 1444 1445 AND
1 1 1445 1446 INV
2 1 319 1440 1447 XOR
2 1 1311 1335 1448 XOR
2 1 1311 1335 1449 AND
1 1 1449 1450 INV
2 1 1446 1448 1451 AND
1 1 1451 1452 INV
2 1 1450 1452 1453 AND
1 1 1453 1454 INV
2 1 1446 1448 1455 XOR
2 1 1319 1343 1456 XOR
2 1 1319 1343 1457 AND
1 1 1457 1458 INV
2 1 1454 1456 1459 AND
1 1 1459 1460 INV
2 1 1458 1460 1461 AND
1 1 1461 1462 INV
2 1 1454 1456 1463 XOR
2 1 1318 1342 1464 XOR
2 1 1318 1342 1465 AND
1 1 1465 1466 INV
2 1 1462 1464 1467 AND
1 1 1467 1468 INV
2 1 1466 1468 1469 AND
1 1 1469 1470 INV
2 1 1462 1464 1471 XOR
2 1 1351 1383 1472 XOR
2 1 1351 1383 1473 AND
1 1 1473 1474 INV
2 1 319 1472 1475 AND
1 1 1475 1476 INV
2 1 1474 1476 1477 AND
1 1 1477 1478 INV
2 1 319 1472 1479 XOR
2 1 1359 1391 1480 XOR
2 1 1359 1391 1481 AND
1 1 1481 1482 INV
2 1 1478 1480 1483 AND
1 1 1483 1484 INV
2 1 1482 1484 1485 AND
1 1 1485 1486 INV
2 1 1478 1480 1487 XOR
2 1 1367 1399 1488 XOR
2 1 1367 1399 1489 AND
1 1 1489 1490 INV
2 1 1486 1488 1491 AND
1 1 1491 1492 INV
2 1 1490 1492 1493 AND
1 1 1493 1494 INV
2 1 1486 1488 1495 XOR
2 1 1375 1407 1496 XOR
2 1 1375 1407 1497 AND
1 1 1497 1498 INV
2 1 1494 1496 1499 AND
1 1 1499 1500 INV
2 1 1498 1500 1501 AND
1 1 1501 1502 INV
2 1 1494 1496 1503 XOR
2 1 1374 1406 1504 XOR
2 1 1374 1406 1505 AND
1 1 1505 1506 INV
2 1 1502 1504 1507 AND
1 1 1507 1508 INV
2 1 1506 1508 1509 AND
1 1 1509 1510 INV
2 1 1502 1504 1511 XOR
2 1 1415 1447 1512 XOR
2 1 1415 1447 1513 AND
1 1 1513 1514 INV
2 1 319 1512 1515 AND
1 1 1515 1516 INV
2 1 1514 1516 1517 AND
1 1 1517 1518 INV
2 1 319 1512 1519 XOR
2 1 1423 1455 1520 XOR
2 1 1423 1455 1521 AND
1 1 1521 1522 INV
2 1 1518 1520 1523 AND
1 1 1523 1524 INV
2 1 1522 1524 1525 AND
1 1 1525 1526 INV
2 1 1518 1520 1527 XOR
2 1 1431 1463 1528 XOR
2 1 1431 1463 1529 AND
1 1 1529 1530 INV
2 1 1526 1528 1531 AND
1 1 1531 1532 INV
2 1 1530 1532 1533 AND
1 1 1533 1534 INV
2 1 1526 1528 1535 XOR
2 1 1439 1471 1536 XOR
2 1 1439 1471 1537 AND
1 1 1537 1538 INV
2 1 1534 1536 1539 AND
1 1 1539 1540 INV
2 1 1538 1540 1541 AND
1 1 1541 1542 INV
2 1 1534 1536 1543 XOR
2 1 1438 1470 1544 XOR
2 1 1438 1470 1545 AND
1 1 1545 1546 INV
2 1 1542 1544 1547 AND
1 1 1547 1548 INV
2 1 1546 1548 1549 AND
1 1 1549 1550 INV
2 1 1542 1544 1551 XOR
2 1 1479 1519 1552 XOR
2 1 1479 1519 1553 AND
1 1 1553 1554 INV
2 1 319 1552 1555 AND
1 1 1555 1556 INV
2 1 1554 1556 1557 AND
1 1 1557 1558 INV
2 1 319 1552 1559 XOR
2 1 1487 1527 1560 XOR
2 1 1487 1527 1561 AND
1 1 1561 1562 INV
2 1 1558 1560 1563 AND
1 1 1563 1564 INV
2 1 1562 1564 1565 AND
1 1 1565 1566 INV
2 1 1558 1560 1567 XOR
2 1 1495 1535 1568 XOR
2 1 1495 1535 1569 AND
1 1 1569 1570 INV
2 1 1566 1568 1571 AND
1 1 1571 1572 INV
2 1 1570 1572 1573 AND
1 1 1573 1574 INV
2 1 1566 1568 1575 XOR
2 1 1503 1543 1576 XOR
2 1 1503 1543 1577 AND
1 1 1577 1578 INV
2 1 1574 1576 1579 AND
1 1 1579 1580 INV
2 1 1578 1580 1581 AND
1 1 1581 1582 INV
2 1 1574 1576 1583 XOR
2 1 1511 1551 1584 XOR
2 1 1511 1551 1585 AND
1 1 1585 1586 INV
2 1 1582 1584 1587 AND
1 1 1587 1588 INV
2 1 1586 1588 1589 AND
1 1 1589 1590 INV
2 1 1582 1584 1591 XOR
2 1 1510 1550 1592 XOR
2 1 1510 1550 1593 AND
1 1 1593 1594 INV
2 1 1590 1592 1595 AND
1 1 1595 1596 INV
2 1 1594 1596 1597 AND
1 1 1597 1598 INV
2 1 1590 1592 1599 XOR
1 1 1598 1600 INV
1 1 1599 1601 INV
1 1 1591 1602 INV
1 1 1583 1603 INV
1 1 1575 1604 INV
1 1 1567 1605 INV
1 1 1559 1606 INV
2 1 1600 1601 1607 AND
2 1 1602 1603 1608 AND
2 1 1604 1605 1609 AND
2 1 1606 1607 1610 AND
2 1 1608 1609 1611 AND
2 1 1610 1611 1612 AND
1 1 1612 1613 INV
1 1 1613 1614 INV