2635 3223
294 294 1

1 1 0 588 INV
2 1 0 588 589 AND
2 1 0 294 590 AND
2 1 1 295 591 XOR
2 1 2 296 592 XOR
1 1 591 593 INV
1 1 592 594 INV
2 1 593 594 595 AND
1 1 595 596 INV
2 1 590 596 597 AND
2 1 3 297 598 AND
2 1 4 298 599 XOR
2 1 5 299 600 XOR
1 1 599 601 INV
1 1 600 602 INV
2 1 601 602 603 AND
1 1 603 604 INV
2 1 598 604 605 AND
2 1 6 300 606 AND
2 1 7 301 607 XOR
2 1 8 302 608 XOR
1 1 607 609 INV
1 1 608 610 INV
2 1 609 610 611 AND
1 1 611 612 INV
2 1 606 612 613 AND
2 1 9 303 614 AND
2 1 10 304 615 XOR
2 1 11 305 616 XOR
1 1 615 617 INV
1 1 616 618 INV
2 1 617 618 619 AND
1 1 619 620 INV
2 1 614 620 621 AND
2 1 12 306 622 AND
2 1 13 307 623 XOR
2 1 14 308 624 XOR
1 1 623 625 INV
1 1 624 626 INV
2 1 625 626 627 AND
1 1 627 628 INV
2 1 622 628 629 AND
2 1 15 309 630 AND
2 1 16 310 631 XOR
2 1 17 311 632 XOR
1 1 631 633 INV
1 1 632 634 INV
2 1 633 634 635 AND
1 1 635 636 INV
2 1 630 636 637 AND
2 1 18 312 638 AND
2 1 19 313 639 XOR
2 1 20 314 640 XOR
1 1 639 641 INV
1 1 640 642 INV
2 1 641 642 643 AND
1 1 643 644 INV
2 1 638 644 645 AND
2 1 21 315 646 AND
2 1 22 316 647 XOR
2 1 23 317 648 XOR
1 1 647 649 INV
1 1 648 650 INV
2 1 649 650 651 AND
1 1 651 652 INV
2 1 646 652 653 AND
2 1 24 318 654 AND
2 1 25 319 655 XOR
2 1 26 320 656 XOR
1 1 655 657 INV
1 1 656 658 INV
2 1 657 658 659 AND
1 1 659 660 INV
2 1 654 660 661 AND
2 1 27 321 662 AND
2 1 28 322 663 XOR
2 1 29 323 664 XOR
1 1 663 665 INV
1 1 664 666 INV
2 1 665 666 667 AND
1 1 667 668 INV
2 1 662 668 669 AND
2 1 30 324 670 AND
2 1 31 325 671 XOR
2 1 32 326 672 XOR
1 1 671 673 INV
1 1 672 674 INV
2 1 673 674 675 AND
1 1 675 676 INV
2 1 670 676 677 AND
2 1 33 327 678 AND
2 1 34 328 679 XOR
2 1 35 329 680 XOR
1 1 679 681 INV
1 1 680 682 INV
2 1 681 682 683 AND
1 1 683 684 INV
2 1 678 684 685 AND
2 1 36 330 686 AND
2 1 37 331 687 XOR
2 1 38 332 688 XOR
1 1 687 689 INV
1 1 688 690 INV
2 1 689 690 691 AND
1 1 691 692 INV
2 1 686 692 693 AND
2 1 39 333 694 AND
2 1 40 334 695 XOR
2 1 41 335 696 XOR
1 1 695 697 INV
1 1 696 698 INV
2 1 697 698 699 AND
1 1 699 700 INV
2 1 694 700 701 AND
2 1 42 336 702 AND
2 1 43 337 703 XOR
2 1 44 338 704 XOR
1 1 703 705 INV
1 1 704 706 INV
2 1 705 706 707 AND
1 1 707 708 INV
2 1 702 708 709 AND
2 1 45 339 710 AND
2 1 46 340 711 XOR
2 1 47 341 712 XOR
1 1 711 713 INV
1 1 712 714 INV
2 1 713 714 715 AND
1 1 715 716 INV
2 1 710 716 717 AND
2 1 48 342 718 AND
2 1 49 343 719 XOR
2 1 50 344 720 XOR
1 1 719 721 INV
1 1 720 722 INV
2 1 721 722 723 AND
1 1 723 724 INV
2 1 718 724 725 AND
2 1 51 345 726 AND
2 1 52 346 727 XOR
2 1 53 347 728 XOR
1 1 727 729 INV
1 1 728 730 INV
2 1 729 730 731 AND
1 1 731 732 INV
2 1 726 732 733 AND
2 1 54 348 734 AND
2 1 55 349 735 XOR
2 1 56 350 736 XOR
1 1 735 737 INV
1 1 736 738 INV
2 1 737 738 739 AND
1 1 739 740 INV
2 1 734 740 741 AND
2 1 57 351 742 AND
2 1 58 352 743 XOR
2 1 59 353 744 XOR
1 1 743 745 INV
1 1 744 746 INV
2 1 745 746 747 AND
1 1 747 748 INV
2 1 742 748 749 AND
2 1 60 354 750 AND
2 1 61 355 751 XOR
2 1 62 356 752 XOR
1 1 751 753 INV
1 1 752 754 INV
2 1 753 754 755 AND
1 1 755 756 INV
2 1 750 756 757 AND
2 1 63 357 758 AND
2 1 64 358 759 XOR
2 1 65 359 760 XOR
1 1 759 761 INV
1 1 760 762 INV
2 1 761 762 763 AND
1 1 763 764 INV
2 1 758 764 765 AND
2 1 66 360 766 AND
2 1 67 361 767 XOR
2 1 68 362 768 XOR
1 1 767 769 INV
1 1 768 770 INV
2 1 769 770 771 AND
1 1 771 772 INV
2 1 766 772 773 AND
2 1 69 363 774 AND
2 1 70 364 775 XOR
2 1 71 365 776 XOR
1 1 775 777 INV
1 1 776 778 INV
2 1 777 778 779 AND
1 1 779 780 INV
2 1 774 780 781 AND
2 1 72 366 782 AND
2 1 73 367 783 XOR
2 1 74 368 784 XOR
1 1 783 785 INV
1 1 784 786 INV
2 1 785 786 787 AND
1 1 787 788 INV
2 1 782 788 789 AND
2 1 75 369 790 AND
2 1 76 370 791 XOR
2 1 77 371 792 XOR
1 1 791 793 INV
1 1 792 794 INV
2 1 793 794 795 AND
1 1 795 796 INV
2 1 790 796 797 AND
2 1 78 372 798 AND
2 1 79 373 799 XOR
2 1 80 374 800 XOR
1 1 799 801 INV
1 1 800 802 INV
2 1 801 802 803 AND
1 1 803 804 INV
2 1 798 804 805 AND
2 1 81 375 806 AND
2 1 82 376 807 XOR
2 1 83 377 808 XOR
1 1 807 809 INV
1 1 808 810 INV
2 1 809 810 811 AND
1 1 811 812 INV
2 1 806 812 813 AND
2 1 84 378 814 AND
2 1 85 379 815 XOR
2 1 86 380 816 XOR
1 1 815 817 INV
1 1 816 818 INV
2 1 817 818 819 AND
1 1 819 820 INV
2 1 814 820 821 AND
2 1 87 381 822 AND
2 1 88 382 823 XOR
2 1 89 383 824 XOR
1 1 823 825 INV
1 1 824 826 INV
2 1 825 826 827 AND
1 1 827 828 INV
2 1 822 828 829 AND
2 1 90 384 830 AND
2 1 91 385 831 XOR
2 1 92 386 832 XOR
1 1 831 833 INV
1 1 832 834 INV
2 1 833 834 835 AND
1 1 835 836 INV
2 1 830 836 837 AND
2 1 93 387 838 AND
2 1 94 388 839 XOR
2 1 95 389 840 XOR
1 1 839 841 INV
1 1 840 842 INV
2 1 841 842 843 AND
1 1 843 844 INV
2 1 838 844 845 AND
2 1 96 390 846 AND
2 1 97 391 847 XOR
2 1 98 392 848 XOR
1 1 847 849 INV
1 1 848 850 INV
2 1 849 850 851 AND
1 1 851 852 INV
2 1 846 852 853 AND
2 1 99 393 854 AND
2 1 100 394 855 XOR
2 1 101 395 856 XOR
1 1 855 857 INV
1 1 856 858 INV
2 1 857 858 859 AND
1 1 859 860 INV
2 1 854 860 861 AND
2 1 102 396 862 AND
2 1 103 397 863 XOR
2 1 104 398 864 XOR
1 1 863 865 INV
1 1 864 866 INV
2 1 865 866 867 AND
1 1 867 868 INV
2 1 862 868 869 AND
2 1 105 399 870 AND
2 1 106 400 871 XOR
2 1 107 401 872 XOR
1 1 871 873 INV
1 1 872 874 INV
2 1 873 874 875 AND
1 1 875 876 INV
2 1 870 876 877 AND
2 1 108 402 878 AND
2 1 109 403 879 XOR
2 1 110 404 880 XOR
1 1 879 881 INV
1 1 880 882 INV
2 1 881 882 883 AND
1 1 883 884 INV
2 1 878 884 885 AND
2 1 111 405 886 AND
2 1 112 406 887 XOR
2 1 113 407 888 XOR
1 1 887 889 INV
1 1 888 890 INV
2 1 889 890 891 AND
1 1 891 892 INV
2 1 886 892 893 AND
2 1 114 408 894 AND
2 1 115 409 895 XOR
2 1 116 410 896 XOR
1 1 895 897 INV
1 1 896 898 INV
2 1 897 898 899 AND
1 1 899 900 INV
2 1 894 900 901 AND
2 1 117 411 902 AND
2 1 118 412 903 XOR
2 1 119 413 904 XOR
1 1 903 905 INV
1 1 904 906 INV
2 1 905 906 907 AND
1 1 907 908 INV
2 1 902 908 909 AND
2 1 120 414 910 AND
2 1 121 415 911 XOR
2 1 122 416 912 XOR
1 1 911 913 INV
1 1 912 914 INV
2 1 913 914 915 AND
1 1 915 916 INV
2 1 910 916 917 AND
2 1 123 417 918 AND
2 1 124 418 919 XOR
2 1 125 419 920 XOR
1 1 919 921 INV
1 1 920 922 INV
2 1 921 922 923 AND
1 1 923 924 INV
2 1 918 924 925 AND
2 1 126 420 926 AND
2 1 127 421 927 XOR
2 1 128 422 928 XOR
1 1 927 929 INV
1 1 928 930 INV
2 1 929 930 931 AND
1 1 931 932 INV
2 1 926 932 933 AND
2 1 129 423 934 AND
2 1 130 424 935 XOR
2 1 131 425 936 XOR
1 1 935 937 INV
1 1 936 938 INV
2 1 937 938 939 AND
1 1 939 940 INV
2 1 934 940 941 AND
2 1 132 426 942 AND
2 1 133 427 943 XOR
2 1 134 428 944 XOR
1 1 943 945 INV
1 1 944 946 INV
2 1 945 946 947 AND
1 1 947 948 INV
2 1 942 948 949 AND
2 1 135 429 950 AND
2 1 136 430 951 XOR
2 1 137 431 952 XOR
1 1 951 953 INV
1 1 952 954 INV
2 1 953 954 955 AND
1 1 955 956 INV
2 1 950 956 957 AND
2 1 138 432 958 AND
2 1 139 433 959 XOR
2 1 140 434 960 XOR
1 1 959 961 INV
1 1 960 962 INV
2 1 961 962 963 AND
1 1 963 964 INV
2 1 958 964 965 AND
2 1 141 435 966 AND
2 1 142 436 967 XOR
2 1 143 437 968 XOR
1 1 967 969 INV
1 1 968 970 INV
2 1 969 970 971 AND
1 1 971 972 INV
2 1 966 972 973 AND
2 1 144 438 974 AND
2 1 145 439 975 XOR
2 1 146 440 976 XOR
1 1 975 977 INV
1 1 976 978 INV
2 1 977 978 979 AND
1 1 979 980 INV
2 1 974 980 981 AND
2 1 147 441 982 AND
2 1 148 442 983 XOR
2 1 149 443 984 XOR
1 1 983 985 INV
1 1 984 986 INV
2 1 985 986 987 AND
1 1 987 988 INV
2 1 982 988 989 AND
2 1 150 444 990 AND
2 1 151 445 991 XOR
2 1 152 446 992 XOR
1 1 991 993 INV
1 1 992 994 INV
2 1 993 994 995 AND
1 1 995 996 INV
2 1 990 996 997 AND
2 1 153 447 998 AND
2 1 154 448 999 XOR
2 1 155 449 1000 XOR
1 1 999 1001 INV
1 1 1000 1002 INV
2 1 1001 1002 1003 AND
1 1 1003 1004 INV
2 1 998 1004 1005 AND
2 1 156 450 1006 AND
2 1 157 451 1007 XOR
2 1 158 452 1008 XOR
1 1 1007 1009 INV
1 1 1008 1010 INV
2 1 1009 1010 1011 AND
1 1 1011 1012 INV
2 1 1006 1012 1013 AND
2 1 159 453 1014 AND
2 1 160 454 1015 XOR
2 1 161 455 1016 XOR
1 1 1015 1017 INV
1 1 1016 1018 INV
2 1 1017 1018 1019 AND
1 1 1019 1020 INV
2 1 1014 1020 1021 AND
2 1 162 456 1022 AND
2 1 163 457 1023 XOR
2 1 164 458 1024 XOR
1 1 1023 1025 INV
1 1 1024 1026 INV
2 1 1025 1026 1027 AND
1 1 1027 1028 INV
2 1 1022 1028 1029 AND
2 1 165 459 1030 AND
2 1 166 460 1031 XOR
2 1 167 461 1032 XOR
1 1 1031 1033 INV
1 1 1032 1034 INV
2 1 1033 1034 1035 AND
1 1 1035 1036 INV
2 1 1030 1036 1037 AND
2 1 168 462 1038 AND
2 1 169 463 1039 XOR
2 1 170 464 1040 XOR
1 1 1039 1041 INV
1 1 1040 1042 INV
2 1 1041 1042 1043 AND
1 1 1043 1044 INV
2 1 1038 1044 1045 AND
2 1 171 465 1046 AND
2 1 172 466 1047 XOR
2 1 173 467 1048 XOR
1 1 1047 1049 INV
1 1 1048 1050 INV
2 1 1049 1050 1051 AND
1 1 1051 1052 INV
2 1 1046 1052 1053 AND
2 1 174 468 1054 AND
2 1 175 469 1055 XOR
2 1 176 470 1056 XOR
1 1 1055 1057 INV
1 1 1056 1058 INV
2 1 1057 1058 1059 AND
1 1 1059 1060 INV
2 1 1054 1060 1061 AND
2 1 177 471 1062 AND
2 1 178 472 1063 XOR
2 1 179 473 1064 XOR
1 1 1063 1065 INV
1 1 1064 1066 INV
2 1 1065 1066 1067 AND
1 1 1067 1068 INV
2 1 1062 1068 1069 AND
2 1 180 474 1070 AND
2 1 181 475 1071 XOR
2 1 182 476 1072 XOR
1 1 1071 1073 INV
1 1 1072 1074 INV
2 1 1073 1074 1075 AND
1 1 1075 1076 INV
2 1 1070 1076 1077 AND
2 1 183 477 1078 AND
2 1 184 478 1079 XOR
2 1 185 479 1080 XOR
1 1 1079 1081 INV
1 1 1080 1082 INV
2 1 1081 1082 1083 AND
1 1 1083 1084 INV
2 1 1078 1084 1085 AND
2 1 186 480 1086 AND
2 1 187 481 1087 XOR
2 1 188 482 1088 XOR
1 1 1087 1089 INV
1 1 1088 1090 INV
2 1 1089 1090 1091 AND
1 1 1091 1092 INV
2 1 1086 1092 1093 AND
2 1 189 483 1094 AND
2 1 190 484 1095 XOR
2 1 191 485 1096 XOR
1 1 1095 1097 INV
1 1 1096 1098 INV
2 1 1097 1098 1099 AND
1 1 1099 1100 INV
2 1 1094 1100 1101 AND
2 1 192 486 1102 AND
2 1 193 487 1103 XOR
2 1 194 488 1104 XOR
1 1 1103 1105 INV
1 1 1104 1106 INV
2 1 1105 1106 1107 AND
1 1 1107 1108 INV
2 1 1102 1108 1109 AND
2 1 195 489 1110 AND
2 1 196 490 1111 XOR
2 1 197 491 1112 XOR
1 1 1111 1113 INV
1 1 1112 1114 INV
2 1 1113 1114 1115 AND
1 1 1115 1116 INV
2 1 1110 1116 1117 AND
2 1 198 492 1118 AND
2 1 199 493 1119 XOR
2 1 200 494 1120 XOR
1 1 1119 1121 INV
1 1 1120 1122 INV
2 1 1121 1122 1123 AND
1 1 1123 1124 INV
2 1 1118 1124 1125 AND
2 1 201 495 1126 AND
2 1 202 496 1127 XOR
2 1 203 497 1128 XOR
1 1 1127 1129 INV
1 1 1128 1130 INV
2 1 1129 1130 1131 AND
1 1 1131 1132 INV
2 1 1126 1132 1133 AND
2 1 204 498 1134 AND
2 1 205 499 1135 XOR
2 1 206 500 1136 XOR
1 1 1135 1137 INV
1 1 1136 1138 INV
2 1 1137 1138 1139 AND
1 1 1139 1140 INV
2 1 1134 1140 1141 AND
2 1 207 501 1142 AND
2 1 208 502 1143 XOR
2 1 209 503 1144 XOR
1 1 1143 1145 INV
1 1 1144 1146 INV
2 1 1145 1146 1147 AND
1 1 1147 1148 INV
2 1 1142 1148 1149 AND
2 1 210 504 1150 AND
2 1 211 505 1151 XOR
2 1 212 506 1152 XOR
1 1 1151 1153 INV
1 1 1152 1154 INV
2 1 1153 1154 1155 AND
1 1 1155 1156 INV
2 1 1150 1156 1157 AND
2 1 213 507 1158 AND
2 1 214 508 1159 XOR
2 1 215 509 1160 XOR
1 1 1159 1161 INV
1 1 1160 1162 INV
2 1 1161 1162 1163 AND
1 1 1163 1164 INV
2 1 1158 1164 1165 AND
2 1 216 510 1166 AND
2 1 217 511 1167 XOR
2 1 218 512 1168 XOR
1 1 1167 1169 INV
1 1 1168 1170 INV
2 1 1169 1170 1171 AND
1 1 1171 1172 INV
2 1 1166 1172 1173 AND
2 1 219 513 1174 AND
2 1 220 514 1175 XOR
2 1 221 515 1176 XOR
1 1 1175 1177 INV
1 1 1176 1178 INV
2 1 1177 1178 1179 AND
1 1 1179 1180 INV
2 1 1174 1180 1181 AND
2 1 222 516 1182 AND
2 1 223 517 1183 XOR
2 1 224 518 1184 XOR
1 1 1183 1185 INV
1 1 1184 1186 INV
2 1 1185 1186 1187 AND
1 1 1187 1188 INV
2 1 1182 1188 1189 AND
2 1 225 519 1190 AND
2 1 226 520 1191 XOR
2 1 227 521 1192 XOR
1 1 1191 1193 INV
1 1 1192 1194 INV
2 1 1193 1194 1195 AND
1 1 1195 1196 INV
2 1 1190 1196 1197 AND
2 1 228 522 1198 AND
2 1 229 523 1199 XOR
2 1 230 524 1200 XOR
1 1 1199 1201 INV
1 1 1200 1202 INV
2 1 1201 1202 1203 AND
1 1 1203 1204 INV
2 1 1198 1204 1205 AND
2 1 231 525 1206 AND
2 1 232 526 1207 XOR
2 1 233 527 1208 XOR
1 1 1207 1209 INV
1 1 1208 1210 INV
2 1 1209 1210 1211 AND
1 1 1211 1212 INV
2 1 1206 1212 1213 AND
2 1 234 528 1214 AND
2 1 235 529 1215 XOR
2 1 236 530 1216 XOR
1 1 1215 1217 INV
1 1 1216 1218 INV
2 1 1217 1218 1219 AND
1 1 1219 1220 INV
2 1 1214 1220 1221 AND
2 1 237 531 1222 AND
2 1 238 532 1223 XOR
2 1 239 533 1224 XOR
1 1 1223 1225 INV
1 1 1224 1226 INV
2 1 1225 1226 1227 AND
1 1 1227 1228 INV
2 1 1222 1228 1229 AND
2 1 240 534 1230 AND
2 1 241 535 1231 XOR
2 1 242 536 1232 XOR
1 1 1231 1233 INV
1 1 1232 1234 INV
2 1 1233 1234 1235 AND
1 1 1235 1236 INV
2 1 1230 1236 1237 AND
2 1 243 537 1238 AND
2 1 244 538 1239 XOR
2 1 245 539 1240 XOR
1 1 1239 1241 INV
1 1 1240 1242 INV
2 1 1241 1242 1243 AND
1 1 1243 1244 INV
2 1 1238 1244 1245 AND
2 1 246 540 1246 AND
2 1 247 541 1247 XOR
2 1 248 542 1248 XOR
1 1 1247 1249 INV
1 1 1248 1250 INV
2 1 1249 1250 1251 AND
1 1 1251 1252 INV
2 1 1246 1252 1253 AND
2 1 249 543 1254 AND
2 1 250 544 1255 XOR
2 1 251 545 1256 XOR
1 1 1255 1257 INV
1 1 1256 1258 INV
2 1 1257 1258 1259 AND
1 1 1259 1260 INV
2 1 1254 1260 1261 AND
2 1 252 546 1262 AND
2 1 253 547 1263 XOR
2 1 254 548 1264 XOR
1 1 1263 1265 INV
1 1 1264 1266 INV
2 1 1265 1266 1267 AND
1 1 1267 1268 INV
2 1 1262 1268 1269 AND
2 1 255 549 1270 AND
2 1 256 550 1271 XOR
2 1 257 551 1272 XOR
1 1 1271 1273 INV
1 1 1272 1274 INV
2 1 1273 1274 1275 AND
1 1 1275 1276 INV
2 1 1270 1276 1277 AND
2 1 258 552 1278 AND
2 1 259 553 1279 XOR
2 1 260 554 1280 XOR
1 1 1279 1281 INV
1 1 1280 1282 INV
2 1 1281 1282 1283 AND
1 1 1283 1284 INV
2 1 1278 1284 1285 AND
2 1 261 555 1286 AND
2 1 262 556 1287 XOR
2 1 263 557 1288 XOR
1 1 1287 1289 INV
1 1 1288 1290 INV
2 1 1289 1290 1291 AND
1 1 1291 1292 INV
2 1 1286 1292 1293 AND
2 1 264 558 1294 AND
2 1 265 559 1295 XOR
2 1 266 560 1296 XOR
1 1 1295 1297 INV
1 1 1296 1298 INV
2 1 1297 1298 1299 AND
1 1 1299 1300 INV
2 1 1294 1300 1301 AND
2 1 267 561 1302 AND
2 1 268 562 1303 XOR
2 1 269 563 1304 XOR
1 1 1303 1305 INV
1 1 1304 1306 INV
2 1 1305 1306 1307 AND
1 1 1307 1308 INV
2 1 1302 1308 1309 AND
2 1 270 564 1310 AND
2 1 271 565 1311 XOR
2 1 272 566 1312 XOR
1 1 1311 1313 INV
1 1 1312 1314 INV
2 1 1313 1314 1315 AND
1 1 1315 1316 INV
2 1 1310 1316 1317 AND
2 1 273 567 1318 AND
2 1 274 568 1319 XOR
2 1 275 569 1320 XOR
1 1 1319 1321 INV
1 1 1320 1322 INV
2 1 1321 1322 1323 AND
1 1 1323 1324 INV
2 1 1318 1324 1325 AND
2 1 276 570 1326 AND
2 1 277 571 1327 XOR
2 1 278 572 1328 XOR
1 1 1327 1329 INV
1 1 1328 1330 INV
2 1 1329 1330 1331 AND
1 1 1331 1332 INV
2 1 1326 1332 1333 AND
2 1 279 573 1334 AND
2 1 280 574 1335 XOR
2 1 281 575 1336 XOR
1 1 1335 1337 INV
1 1 1336 1338 INV
2 1 1337 1338 1339 AND
1 1 1339 1340 INV
2 1 1334 1340 1341 AND
2 1 282 576 1342 AND
2 1 283 577 1343 XOR
2 1 284 578 1344 XOR
1 1 1343 1345 INV
1 1 1344 1346 INV
2 1 1345 1346 1347 AND
1 1 1347 1348 INV
2 1 1342 1348 1349 AND
2 1 285 579 1350 AND
2 1 286 580 1351 XOR
2 1 287 581 1352 XOR
1 1 1351 1353 INV
1 1 1352 1354 INV
2 1 1353 1354 1355 AND
1 1 1355 1356 INV
2 1 1350 1356 1357 AND
2 1 288 582 1358 AND
2 1 289 583 1359 XOR
2 1 290 584 1360 XOR
1 1 1359 1361 INV
1 1 1360 1362 INV
2 1 1361 1362 1363 AND
1 1 1363 1364 INV
2 1 1358 1364 1365 AND
2 1 291 585 1366 AND
2 1 292 586 1367 XOR
2 1 293 587 1368 XOR
1 1 1367 1369 INV
1 1 1368 1370 INV
2 1 1369 1370 1371 AND
1 1 1371 1372 INV
2 1 1366 1372 1373 AND
2 1 589 589 1374 AND
2 1 589 589 1375 XOR
2 1 589 589 1376 XOR
1 1 1375 1377 INV
1 1 1376 1378 INV
2 1 1377 1378 1379 AND
1 1 1379 1380 INV
2 1 1374 1380 1381 AND
2 1 589 589 1382 AND
2 1 589 589 1383 XOR
2 1 589 589 1384 XOR
1 1 1383 1385 INV
1 1 1384 1386 INV
2 1 1385 1386 1387 AND
1 1 1387 1388 INV
2 1 1382 1388 1389 AND
2 1 589 589 1390 AND
2 1 589 589 1391 XOR
2 1 589 589 1392 XOR
1 1 1391 1393 INV
1 1 1392 1394 INV
2 1 1393 1394 1395 AND
1 1 1395 1396 INV
2 1 1390 1396 1397 AND
2 1 589 589 1398 AND
2 1 589 589 1399 XOR
2 1 589 589 1400 XOR
1 1 1399 1401 INV
1 1 1400 1402 INV
2 1 1401 1402 1403 AND
1 1 1403 1404 INV
2 1 1398 1404 1405 AND
2 1 589 589 1406 AND
2 1 589 589 1407 XOR
2 1 589 589 1408 XOR
1 1 1407 1409 INV
1 1 1408 1410 INV
2 1 1409 1410 1411 AND
1 1 1411 1412 INV
2 1 1406 1412 1413 AND
2 1 589 589 1414 AND
2 1 589 589 1415 XOR
2 1 589 589 1416 XOR
1 1 1415 1417 INV
1 1 1416 1418 INV
2 1 1417 1418 1419 AND
1 1 1419 1420 INV
2 1 1414 1420 1421 AND
2 1 589 589 1422 AND
2 1 589 589 1423 XOR
2 1 589 589 1424 XOR
1 1 1423 1425 INV
1 1 1424 1426 INV
2 1 1425 1426 1427 AND
1 1 1427 1428 INV
2 1 1422 1428 1429 AND
2 1 589 589 1430 AND
2 1 589 589 1431 XOR
2 1 589 589 1432 XOR
1 1 1431 1433 INV
1 1 1432 1434 INV
2 1 1433 1434 1435 AND
1 1 1435 1436 INV
2 1 1430 1436 1437 AND
2 1 589 589 1438 AND
2 1 589 589 1439 XOR
2 1 589 589 1440 XOR
1 1 1439 1441 INV
1 1 1440 1442 INV
2 1 1441 1442 1443 AND
1 1 1443 1444 INV
2 1 1438 1444 1445 AND
2 1 589 589 1446 AND
2 1 589 589 1447 XOR
2 1 589 589 1448 XOR
1 1 1447 1449 INV
1 1 1448 1450 INV
2 1 1449 1450 1451 AND
1 1 1451 1452 INV
2 1 1446 1452 1453 AND
2 1 589 589 1454 AND
2 1 589 589 1455 XOR
2 1 589 589 1456 XOR
1 1 1455 1457 INV
1 1 1456 1458 INV
2 1 1457 1458 1459 AND
1 1 1459 1460 INV
2 1 1454 1460 1461 AND
2 1 589 589 1462 AND
2 1 589 589 1463 XOR
2 1 589 589 1464 XOR
1 1 1463 1465 INV
1 1 1464 1466 INV
2 1 1465 1466 1467 AND
1 1 1467 1468 INV
2 1 1462 1468 1469 AND
2 1 589 589 1470 AND
2 1 589 589 1471 XOR
2 1 589 589 1472 XOR
1 1 1471 1473 INV
1 1 1472 1474 INV
2 1 1473 1474 1475 AND
1 1 1475 1476 INV
2 1 1470 1476 1477 AND
2 1 589 589 1478 AND
2 1 589 589 1479 XOR
2 1 589 589 1480 XOR
1 1 1479 1481 INV
1 1 1480 1482 INV
2 1 1481 1482 1483 AND
1 1 1483 1484 INV
2 1 1478 1484 1485 AND
2 1 589 589 1486 AND
2 1 589 589 1487 XOR
2 1 589 589 1488 XOR
1 1 1487 1489 INV
1 1 1488 1490 INV
2 1 1489 1490 1491 AND
1 1 1491 1492 INV
2 1 1486 1492 1493 AND
2 1 589 589 1494 AND
2 1 589 589 1495 XOR
2 1 589 589 1496 XOR
1 1 1495 1497 INV
1 1 1496 1498 INV
2 1 1497 1498 1499 AND
1 1 1499 1500 INV
2 1 1494 1500 1501 AND
2 1 589 589 1502 AND
2 1 589 589 1503 XOR
2 1 589 589 1504 XOR
1 1 1503 1505 INV
1 1 1504 1506 INV
2 1 1505 1506 1507 AND
1 1 1507 1508 INV
2 1 1502 1508 1509 AND
2 1 589 589 1510 AND
2 1 589 589 1511 XOR
2 1 589 589 1512 XOR
1 1 1511 1513 INV
1 1 1512 1514 INV
2 1 1513 1514 1515 AND
1 1 1515 1516 INV
2 1 1510 1516 1517 AND
2 1 589 589 1518 AND
2 1 589 589 1519 XOR
2 1 589 589 1520 XOR
1 1 1519 1521 INV
1 1 1520 1522 INV
2 1 1521 1522 1523 AND
1 1 1523 1524 INV
2 1 1518 1524 1525 AND
2 1 589 589 1526 AND
2 1 589 589 1527 XOR
2 1 589 589 1528 XOR
1 1 1527 1529 INV
1 1 1528 1530 INV
2 1 1529 1530 1531 AND
1 1 1531 1532 INV
2 1 1526 1532 1533 AND
2 1 589 589 1534 AND
2 1 589 589 1535 XOR
2 1 589 589 1536 XOR
1 1 1535 1537 INV
1 1 1536 1538 INV
2 1 1537 1538 1539 AND
1 1 1539 1540 INV
2 1 1534 1540 1541 AND
2 1 589 589 1542 AND
2 1 589 589 1543 XOR
2 1 589 589 1544 XOR
1 1 1543 1545 INV
1 1 1544 1546 INV
2 1 1545 1546 1547 AND
1 1 1547 1548 INV
2 1 1542 1548 1549 AND
2 1 589 589 1550 AND
2 1 589 589 1551 XOR
2 1 589 589 1552 XOR
1 1 1551 1553 INV
1 1 1552 1554 INV
2 1 1553 1554 1555 AND
1 1 1555 1556 INV
2 1 1550 1556 1557 AND
2 1 589 589 1558 AND
2 1 589 589 1559 XOR
2 1 589 589 1560 XOR
1 1 1559 1561 INV
1 1 1560 1562 INV
2 1 1561 1562 1563 AND
1 1 1563 1564 INV
2 1 1558 1564 1565 AND
2 1 589 589 1566 AND
2 1 589 589 1567 XOR
2 1 589 589 1568 XOR
1 1 1567 1569 INV
1 1 1568 1570 INV
2 1 1569 1570 1571 AND
1 1 1571 1572 INV
2 1 1566 1572 1573 AND
2 1 589 589 1574 AND
2 1 589 589 1575 XOR
2 1 589 589 1576 XOR
1 1 1575 1577 INV
1 1 1576 1578 INV
2 1 1577 1578 1579 AND
1 1 1579 1580 INV
2 1 1574 1580 1581 AND
2 1 589 589 1582 AND
2 1 589 589 1583 XOR
2 1 589 589 1584 XOR
1 1 1583 1585 INV
1 1 1584 1586 INV
2 1 1585 1586 1587 AND
1 1 1587 1588 INV
2 1 1582 1588 1589 AND
2 1 589 589 1590 AND
2 1 589 589 1591 XOR
2 1 589 589 1592 XOR
1 1 1591 1593 INV
1 1 1592 1594 INV
2 1 1593 1594 1595 AND
1 1 1595 1596 INV
2 1 1590 1596 1597 AND
2 1 589 589 1598 AND
2 1 589 589 1599 XOR
2 1 589 589 1600 XOR
1 1 1599 1601 INV
1 1 1600 1602 INV
2 1 1601 1602 1603 AND
1 1 1603 1604 INV
2 1 1598 1604 1605 AND
2 1 589 589 1606 AND
2 1 589 589 1607 XOR
2 1 589 589 1608 XOR
1 1 1607 1609 INV
1 1 1608 1610 INV
2 1 1609 1610 1611 AND
1 1 1611 1612 INV
2 1 1606 1612 1613 AND
2 1 597 605 1614 AND
2 1 597 605 1615 XOR
2 1 613 621 1616 AND
2 1 613 621 1617 XOR
2 1 629 637 1618 AND
2 1 629 637 1619 XOR
2 1 645 653 1620 AND
2 1 645 653 1621 XOR
2 1 661 669 1622 AND
2 1 661 669 1623 XOR
2 1 677 685 1624 AND
2 1 677 685 1625 XOR
2 1 693 701 1626 AND
2 1 693 701 1627 XOR
2 1 709 717 1628 AND
2 1 709 717 1629 XOR
2 1 725 733 1630 AND
2 1 725 733 1631 XOR
2 1 741 749 1632 AND
2 1 741 749 1633 XOR
2 1 757 765 1634 AND
2 1 757 765 1635 XOR
2 1 773 781 1636 AND
2 1 773 781 1637 XOR
2 1 789 797 1638 AND
2 1 789 797 1639 XOR
2 1 805 813 1640 AND
2 1 805 813 1641 XOR
2 1 821 829 1642 AND
2 1 821 829 1643 XOR
2 1 837 845 1644 AND
2 1 837 845 1645 XOR
2 1 853 861 1646 AND
2 1 853 861 1647 XOR
2 1 869 877 1648 AND
2 1 869 877 1649 XOR
2 1 885 893 1650 AND
2 1 885 893 1651 XOR
2 1 901 909 1652 AND
2 1 901 909 1653 XOR
2 1 917 925 1654 AND
2 1 917 925 1655 XOR
2 1 933 941 1656 AND
2 1 933 941 1657 XOR
2 1 949 957 1658 AND
2 1 949 957 1659 XOR
2 1 965 973 1660 AND
2 1 965 973 1661 XOR
2 1 981 989 1662 AND
2 1 981 989 1663 XOR
2 1 997 1005 1664 AND
2 1 997 1005 1665 XOR
2 1 1013 1021 1666 AND
2 1 1013 1021 1667 XOR
2 1 1029 1037 1668 AND
2 1 1029 1037 1669 XOR
2 1 1045 1053 1670 AND
2 1 1045 1053 1671 XOR
2 1 1061 1069 1672 AND
2 1 1061 1069 1673 XOR
2 1 1077 1085 1674 AND
2 1 1077 1085 1675 XOR
2 1 1093 1101 1676 AND
2 1 1093 1101 1677 XOR
2 1 1109 1117 1678 AND
2 1 1109 1117 1679 XOR
2 1 1125 1133 1680 AND
2 1 1125 1133 1681 XOR
2 1 1141 1149 1682 AND
2 1 1141 1149 1683 XOR
2 1 1157 1165 1684 AND
2 1 1157 1165 1685 XOR
2 1 1173 1181 1686 AND
2 1 1173 1181 1687 XOR
2 1 1189 1197 1688 AND
2 1 1189 1197 1689 XOR
2 1 1205 1213 1690 AND
2 1 1205 1213 1691 XOR
2 1 1221 1229 1692 AND
2 1 1221 1229 1693 XOR
2 1 1237 1245 1694 AND
2 1 1237 1245 1695 XOR
2 1 1253 1261 1696 AND
2 1 1253 1261 1697 XOR
2 1 1269 1277 1698 AND
2 1 1269 1277 1699 XOR
2 1 1285 1293 1700 AND
2 1 1285 1293 1701 XOR
2 1 1301 1309 1702 AND
2 1 1301 1309 1703 XOR
2 1 1317 1325 1704 AND
2 1 1317 1325 1705 XOR
2 1 1333 1341 1706 AND
2 1 1333 1341 1707 XOR
2 1 1349 1357 1708 AND
2 1 1349 1357 1709 XOR
2 1 1365 1373 1710 AND
2 1 1365 1373 1711 XOR
2 1 1381 1389 1712 AND
2 1 1381 1389 1713 XOR
2 1 1397 1405 1714 AND
2 1 1397 1405 1715 XOR
2 1 1413 1421 1716 AND
2 1 1413 1421 1717 XOR
2 1 1429 1437 1718 AND
2 1 1429 1437 1719 XOR
2 1 1445 1453 1720 AND
2 1 1445 1453 1721 XOR
2 1 1461 1469 1722 AND
2 1 1461 1469 1723 XOR
2 1 1477 1485 1724 AND
2 1 1477 1485 1725 XOR
2 1 1493 1501 1726 AND
2 1 1493 1501 1727 XOR
2 1 1509 1517 1728 AND
2 1 1509 1517 1729 XOR
2 1 1525 1533 1730 AND
2 1 1525 1533 1731 XOR
2 1 1541 1549 1732 AND
2 1 1541 1549 1733 XOR
2 1 1557 1565 1734 AND
2 1 1557 1565 1735 XOR
2 1 1573 1581 1736 AND
2 1 1573 1581 1737 XOR
2 1 1589 1597 1738 AND
2 1 1589 1597 1739 XOR
2 1 1605 1613 1740 AND
2 1 1605 1613 1741 XOR
2 1 1615 1617 1742 XOR
2 1 1615 1617 1743 AND
1 1 1743 1744 INV
2 1 589 1742 1745 AND
1 1 1745 1746 INV
2 1 1744 1746 1747 AND
1 1 1747 1748 INV
2 1 589 1742 1749 XOR
2 1 1614 1616 1750 XOR
2 1 1614 1616 1751 AND
1 1 1751 1752 INV
2 1 1748 1750 1753 AND
1 1 1753 1754 INV
2 1 1752 1754 1755 AND
1 1 1755 1756 INV
2 1 1748 1750 1757 XOR
2 1 1619 1621 1758 XOR
2 1 1619 1621 1759 AND
1 1 1759 1760 INV
2 1 589 1758 1761 AND
1 1 1761 1762 INV
2 1 1760 1762 1763 AND
1 1 1763 1764 INV
2 1 589 1758 1765 XOR
2 1 1618 1620 1766 XOR
2 1 1618 1620 1767 AND
1 1 1767 1768 INV
2 1 1764 1766 1769 AND
1 1 1769 1770 INV
2 1 1768 1770 1771 AND
1 1 1771 1772 INV
2 1 1764 1766 1773 XOR
2 1 1623 1625 1774 XOR
2 1 1623 1625 1775 AND
1 1 1775 1776 INV
2 1 589 1774 1777 AND
1 1 1777 1778 INV
2 1 1776 1778 1779 AND
1 1 1779 1780 INV
2 1 589 1774 1781 XOR
2 1 1622 1624 1782 XOR
2 1 1622 1624 1783 AND
1 1 1783 1784 INV
2 1 1780 1782 1785 AND
1 1 1785 1786 INV
2 1 1784 1786 1787 AND
1 1 1787 1788 INV
2 1 1780 1782 1789 XOR
2 1 1627 1629 1790 XOR
2 1 1627 1629 1791 AND
1 1 1791 1792 INV
2 1 589 1790 1793 AND
1 1 1793 1794 INV
2 1 1792 1794 1795 AND
1 1 1795 1796 INV
2 1 589 1790 1797 XOR
2 1 1626 1628 1798 XOR
2 1 1626 1628 1799 AND
1 1 1799 1800 INV
2 1 1796 1798 1801 AND
1 1 1801 1802 INV
2 1 1800 1802 1803 AND
1 1 1803 1804 INV
2 1 1796 1798 1805 XOR
2 1 1631 1633 1806 XOR
2 1 1631 1633 1807 AND
1 1 1807 1808 INV
2 1 589 1806 1809 AND
1 1 1809 1810 INV
2 1 1808 1810 1811 AND
1 1 1811 1812 INV
2 1 589 1806 1813 XOR
2 1 1630 1632 1814 XOR
2 1 1630 1632 1815 AND
1 1 1815 1816 INV
2 1 1812 1814 1817 AND
1 1 1817 1818 INV
2 1 1816 1818 1819 AND
1 1 1819 1820 INV
2 1 1812 1814 1821 XOR
2 1 1635 1637 1822 XOR
2 1 1635 1637 1823 AND
1 1 1823 1824 INV
2 1 589 1822 1825 AND
1 1 1825 1826 INV
2 1 1824 1826 1827 AND
1 1 1827 1828 INV
2 1 589 1822 1829 XOR
2 1 1634 1636 1830 XOR
2 1 1634 1636 1831 AND
1 1 1831 1832 INV
2 1 1828 1830 1833 AND
1 1 1833 1834 INV
2 1 1832 1834 1835 AND
1 1 1835 1836 INV
2 1 1828 1830 1837 XOR
2 1 1639 1641 1838 XOR
2 1 1639 1641 1839 AND
1 1 1839 1840 INV
2 1 589 1838 1841 AND
1 1 1841 1842 INV
2 1 1840 1842 1843 AND
1 1 1843 1844 INV
2 1 589 1838 1845 XOR
2 1 1638 1640 1846 XOR
2 1 1638 1640 1847 AND
1 1 1847 1848 INV
2 1 1844 1846 1849 AND
1 1 1849 1850 INV
2 1 1848 1850 1851 AND
1 1 1851 1852 INV
2 1 1844 1846 1853 XOR
2 1 1643 1645 1854 XOR
2 1 1643 1645 1855 AND
1 1 1855 1856 INV
2 1 589 1854 1857 AND
1 1 1857 1858 INV
2 1 1856 1858 1859 AND
1 1 1859 1860 INV
2 1 589 1854 1861 XOR
2 1 1642 1644 1862 XOR
2 1 1642 1644 1863 AND
1 1 1863 1864 INV
2 1 1860 1862 1865 AND
1 1 1865 1866 INV
2 1 1864 1866 1867 AND
1 1 1867 1868 INV
2 1 1860 1862 1869 XOR
2 1 1647 1649 1870 XOR
2 1 1647 1649 1871 AND
1 1 1871 1872 INV
2 1 589 1870 1873 AND
1 1 1873 1874 INV
2 1 1872 1874 1875 AND
1 1 1875 1876 INV
2 1 589 1870 1877 XOR
2 1 1646 1648 1878 XOR
2 1 1646 1648 1879 AND
1 1 1879 1880 INV
2 1 1876 1878 1881 AND
1 1 1881 1882 INV
2 1 1880 1882 1883 AND
1 1 1883 1884 INV
2 1 1876 1878 1885 XOR
2 1 1651 1653 1886 XOR
2 1 1651 1653 1887 AND
1 1 1887 1888 INV
2 1 589 1886 1889 AND
1 1 1889 1890 INV
2 1 1888 1890 1891 AND
1 1 1891 1892 INV
2 1 589 1886 1893 XOR
2 1 1650 1652 1894 XOR
2 1 1650 1652 1895 AND
1 1 1895 1896 INV
2 1 1892 1894 1897 AND
1 1 1897 1898 INV
2 1 1896 1898 1899 AND
1 1 1899 1900 INV
2 1 1892 1894 1901 XOR
2 1 1655 1657 1902 XOR
2 1 1655 1657 1903 AND
1 1 1903 1904 INV
2 1 589 1902 1905 AND
1 1 1905 1906 INV
2 1 1904 1906 1907 AND
1 1 1907 1908 INV
2 1 589 1902 1909 XOR
2 1 1654 1656 1910 XOR
2 1 1654 1656 1911 AND
1 1 1911 1912 INV
2 1 1908 1910 1913 AND
1 1 1913 1914 INV
2 1 1912 1914 1915 AND
1 1 1915 1916 INV
2 1 1908 1910 1917 XOR
2 1 1659 1661 1918 XOR
2 1 1659 1661 1919 AND
1 1 1919 1920 INV
2 1 589 1918 1921 AND
1 1 1921 1922 INV
2 1 1920 1922 1923 AND
1 1 1923 1924 INV
2 1 589 1918 1925 XOR
2 1 1658 1660 1926 XOR
2 1 1658 1660 1927 AND
1 1 1927 1928 INV
2 1 1924 1926 1929 AND
1 1 1929 1930 INV
2 1 1928 1930 1931 AND
1 1 1931 1932 INV
2 1 1924 1926 1933 XOR
2 1 1663 1665 1934 XOR
2 1 1663 1665 1935 AND
1 1 1935 1936 INV
2 1 589 1934 1937 AND
1 1 1937 1938 INV
2 1 1936 1938 1939 AND
1 1 1939 1940 INV
2 1 589 1934 1941 XOR
2 1 1662 1664 1942 XOR
2 1 1662 1664 1943 AND
1 1 1943 1944 INV
2 1 1940 1942 1945 AND
1 1 1945 1946 INV
2 1 1944 1946 1947 AND
1 1 1947 1948 INV
2 1 1940 1942 1949 XOR
2 1 1667 1669 1950 XOR
2 1 1667 1669 1951 AND
1 1 1951 1952 INV
2 1 589 1950 1953 AND
1 1 1953 1954 INV
2 1 1952 1954 1955 AND
1 1 1955 1956 INV
2 1 589 1950 1957 XOR
2 1 1666 1668 1958 XOR
2 1 1666 1668 1959 AND
1 1 1959 1960 INV
2 1 1956 1958 1961 AND
1 1 1961 1962 INV
2 1 1960 1962 1963 AND
1 1 1963 1964 INV
2 1 1956 1958 1965 XOR
2 1 1671 1673 1966 XOR
2 1 1671 1673 1967 AND
1 1 1967 1968 INV
2 1 589 1966 1969 AND
1 1 1969 1970 INV
2 1 1968 1970 1971 AND
1 1 1971 1972 INV
2 1 589 1966 1973 XOR
2 1 1670 1672 1974 XOR
2 1 1670 1672 1975 AND
1 1 1975 1976 INV
2 1 1972 1974 1977 AND
1 1 1977 1978 INV
2 1 1976 1978 1979 AND
1 1 1979 1980 INV
2 1 1972 1974 1981 XOR
2 1 1675 1677 1982 XOR
2 1 1675 1677 1983 AND
1 1 1983 1984 INV
2 1 589 1982 1985 AND
1 1 1985 1986 INV
2 1 1984 1986 1987 AND
1 1 1987 1988 INV
2 1 589 1982 1989 XOR
2 1 1674 1676 1990 XOR
2 1 1674 1676 1991 AND
1 1 1991 1992 INV
2 1 1988 1990 1993 AND
1 1 1993 1994 INV
2 1 1992 1994 1995 AND
1 1 1995 1996 INV
2 1 1988 1990 1997 XOR
2 1 1679 1681 1998 XOR
2 1 1679 1681 1999 AND
1 1 1999 2000 INV
2 1 589 1998 2001 AND
1 1 2001 2002 INV
2 1 2000 2002 2003 AND
1 1 2003 2004 INV
2 1 589 1998 2005 XOR
2 1 1678 1680 2006 XOR
2 1 1678 1680 2007 AND
1 1 2007 2008 INV
2 1 2004 2006 2009 AND
1 1 2009 2010 INV
2 1 2008 2010 2011 AND
1 1 2011 2012 INV
2 1 2004 2006 2013 XOR
2 1 1683 1685 2014 XOR
2 1 1683 1685 2015 AND
1 1 2015 2016 INV
2 1 589 2014 2017 AND
1 1 2017 2018 INV
2 1 2016 2018 2019 AND
1 1 2019 2020 INV
2 1 589 2014 2021 XOR
2 1 1682 1684 2022 XOR
2 1 1682 1684 2023 AND
1 1 2023 2024 INV
2 1 2020 2022 2025 AND
1 1 2025 2026 INV
2 1 2024 2026 2027 AND
1 1 2027 2028 INV
2 1 2020 2022 2029 XOR
2 1 1687 1689 2030 XOR
2 1 1687 1689 2031 AND
1 1 2031 2032 INV
2 1 589 2030 2033 AND
1 1 2033 2034 INV
2 1 2032 2034 2035 AND
1 1 2035 2036 INV
2 1 589 2030 2037 XOR
2 1 1686 1688 2038 XOR
2 1 1686 1688 2039 AND
1 1 2039 2040 INV
2 1 2036 2038 2041 AND
1 1 2041 2042 INV
2 1 2040 2042 2043 AND
1 1 2043 2044 INV
2 1 2036 2038 2045 XOR
2 1 1691 1693 2046 XOR
2 1 1691 1693 2047 AND
1 1 2047 2048 INV
2 1 589 2046 2049 AND
1 1 2049 2050 INV
2 1 2048 2050 2051 AND
1 1 2051 2052 INV
2 1 589 2046 2053 XOR
2 1 1690 1692 2054 XOR
2 1 1690 1692 2055 AND
1 1 2055 2056 INV
2 1 2052 2054 2057 AND
1 1 2057 2058 INV
2 1 2056 2058 2059 AND
1 1 2059 2060 INV
2 1 2052 2054 2061 XOR
2 1 1695 1697 2062 XOR
2 1 1695 1697 2063 AND
1 1 2063 2064 INV
2 1 589 2062 2065 AND
1 1 2065 2066 INV
2 1 2064 2066 2067 AND
1 1 2067 2068 INV
2 1 589 2062 2069 XOR
2 1 1694 1696 2070 XOR
2 1 1694 1696 2071 AND
1 1 2071 2072 INV
2 1 2068 2070 2073 AND
1 1 2073 2074 INV
2 1 2072 2074 2075 AND
1 1 2075 2076 INV
2 1 2068 2070 2077 XOR
2 1 1699 1701 2078 XOR
2 1 1699 1701 2079 AND
1 1 2079 2080 INV
2 1 589 2078 2081 AND
1 1 2081 2082 INV
2 1 2080 2082 2083 AND
1 1 2083 2084 INV
2 1 589 2078 2085 XOR
2 1 1698 1700 2086 XOR
2 1 1698 1700 2087 AND
1 1 2087 2088 INV
2 1 2084 2086 2089 AND
1 1 2089 2090 INV
2 1 2088 2090 2091 AND
1 1 2091 2092 INV
2 1 2084 2086 2093 XOR
2 1 1703 1705 2094 XOR
2 1 1703 1705 2095 AND
1 1 2095 2096 INV
2 1 589 2094 2097 AND
1 1 2097 2098 INV
2 1 2096 2098 2099 AND
1 1 2099 2100 INV
2 1 589 2094 2101 XOR
2 1 1702 1704 2102 XOR
2 1 1702 1704 2103 AND
1 1 2103 2104 INV
2 1 2100 2102 2105 AND
1 1 2105 2106 INV
2 1 2104 2106 2107 AND
1 1 2107 2108 INV
2 1 2100 2102 2109 XOR
2 1 1707 1709 2110 XOR
2 1 1707 1709 2111 AND
1 1 2111 2112 INV
2 1 589 2110 2113 AND
1 1 2113 2114 INV
2 1 2112 2114 2115 AND
1 1 2115 2116 INV
2 1 589 2110 2117 XOR
2 1 1706 1708 2118 XOR
2 1 1706 1708 2119 AND
1 1 2119 2120 INV
2 1 2116 2118 2121 AND
1 1 2121 2122 INV
2 1 2120 2122 2123 AND
1 1 2123 2124 INV
2 1 2116 2118 2125 XOR
2 1 1711 1713 2126 XOR
2 1 1711 1713 2127 AND
1 1 2127 2128 INV
2 1 589 2126 2129 AND
1 1 2129 2130 INV
2 1 2128 2130 2131 AND
1 1 2131 2132 INV
2 1 589 2126 2133 XOR
2 1 1710 1712 2134 XOR
2 1 1710 1712 2135 AND
1 1 2135 2136 INV
2 1 2132 2134 2137 AND
1 1 2137 2138 INV
2 1 2136 2138 2139 AND
1 1 2139 2140 INV
2 1 2132 2134 2141 XOR
2 1 1715 1717 2142 XOR
2 1 1715 1717 2143 AND
1 1 2143 2144 INV
2 1 589 2142 2145 AND
1 1 2145 2146 INV
2 1 2144 2146 2147 AND
1 1 2147 2148 INV
2 1 589 2142 2149 XOR
2 1 1714 1716 2150 XOR
2 1 1714 1716 2151 AND
1 1 2151 2152 INV
2 1 2148 2150 2153 AND
1 1 2153 2154 INV
2 1 2152 2154 2155 AND
1 1 2155 2156 INV
2 1 2148 2150 2157 XOR
2 1 1719 1721 2158 XOR
2 1 1719 1721 2159 AND
1 1 2159 2160 INV
2 1 589 2158 2161 AND
1 1 2161 2162 INV
2 1 2160 2162 2163 AND
1 1 2163 2164 INV
2 1 589 2158 2165 XOR
2 1 1718 1720 2166 XOR
2 1 1718 1720 2167 AND
1 1 2167 2168 INV
2 1 2164 2166 2169 AND
1 1 2169 2170 INV
2 1 2168 2170 2171 AND
1 1 2171 2172 INV
2 1 2164 2166 2173 XOR
2 1 1723 1725 2174 XOR
2 1 1723 1725 2175 AND
1 1 2175 2176 INV
2 1 589 2174 2177 AND
1 1 2177 2178 INV
2 1 2176 2178 2179 AND
1 1 2179 2180 INV
2 1 589 2174 2181 XOR
2 1 1722 1724 2182 XOR
2 1 1722 1724 2183 AND
1 1 2183 2184 INV
2 1 2180 2182 2185 AND
1 1 2185 2186 INV
2 1 2184 2186 2187 AND
1 1 2187 2188 INV
2 1 2180 2182 2189 XOR
2 1 1727 1729 2190 XOR
2 1 1727 1729 2191 AND
1 1 2191 2192 INV
2 1 589 2190 2193 AND
1 1 2193 2194 INV
2 1 2192 2194 2195 AND
1 1 2195 2196 INV
2 1 589 2190 2197 XOR
2 1 1726 1728 2198 XOR
2 1 1726 1728 2199 AND
1 1 2199 2200 INV
2 1 2196 2198 2201 AND
1 1 2201 2202 INV
2 1 2200 2202 2203 AND
1 1 2203 2204 INV
2 1 2196 2198 2205 XOR
2 1 1731 1733 2206 XOR
2 1 1731 1733 2207 AND
1 1 2207 2208 INV
2 1 589 2206 2209 AND
1 1 2209 2210 INV
2 1 2208 2210 2211 AND
1 1 2211 2212 INV
2 1 589 2206 2213 XOR
2 1 1730 1732 2214 XOR
2 1 1730 1732 2215 AND
1 1 2215 2216 INV
2 1 2212 2214 2217 AND
1 1 2217 2218 INV
2 1 2216 2218 2219 AND
1 1 2219 2220 INV
2 1 2212 2214 2221 XOR
2 1 1735 1737 2222 XOR
2 1 1735 1737 2223 AND
1 1 2223 2224 INV
2 1 589 2222 2225 AND
1 1 2225 2226 INV
2 1 2224 2226 2227 AND
1 1 2227 2228 INV
2 1 589 2222 2229 XOR
2 1 1734 1736 2230 XOR
2 1 1734 1736 2231 AND
1 1 2231 2232 INV
2 1 2228 2230 2233 AND
1 1 2233 2234 INV
2 1 2232 2234 2235 AND
1 1 2235 2236 INV
2 1 2228 2230 2237 XOR
2 1 1739 1741 2238 XOR
2 1 1739 1741 2239 AND
1 1 2239 2240 INV
2 1 589 2238 2241 AND
1 1 2241 2242 INV
2 1 2240 2242 2243 AND
1 1 2243 2244 INV
2 1 589 2238 2245 XOR
2 1 1738 1740 2246 XOR
2 1 1738 1740 2247 AND
1 1 2247 2248 INV
2 1 2244 2246 2249 AND
1 1 2249 2250 INV
2 1 2248 2250 2251 AND
1 1 2251 2252 INV
2 1 2244 2246 2253 XOR
2 1 1749 1765 2254 XOR
2 1 1749 1765 2255 AND
1 1 2255 2256 INV
2 1 589 2254 2257 AND
1 1 2257 2258 INV
2 1 2256 2258 2259 AND
1 1 2259 2260 INV
2 1 589 2254 2261 XOR
2 1 1757 1773 2262 XOR
2 1 1757 1773 2263 AND
1 1 2263 2264 INV
2 1 2260 2262 2265 AND
1 1 2265 2266 INV
2 1 2264 2266 2267 AND
1 1 2267 2268 INV
2 1 2260 2262 2269 XOR
2 1 1756 1772 2270 XOR
2 1 1756 1772 2271 AND
1 1 2271 2272 INV
2 1 2268 2270 2273 AND
1 1 2273 2274 INV
2 1 2272 2274 2275 AND
1 1 2275 2276 INV
2 1 2268 2270 2277 XOR
2 1 1781 1797 2278 XOR
2 1 1781 1797 2279 AND
1 1 2279 2280 INV
2 1 589 2278 2281 AND
1 1 2281 2282 INV
2 1 2280 2282 2283 AND
1 1 2283 2284 INV
2 1 589 2278 2285 XOR
2 1 1789 1805 2286 XOR
2 1 1789 1805 2287 AND
1 1 2287 2288 INV
2 1 2284 2286 2289 AND
1 1 2289 2290 INV
2 1 2288 2290 2291 AND
1 1 2291 2292 INV
2 1 2284 2286 2293 XOR
2 1 1788 1804 2294 XOR
2 1 1788 1804 2295 AND
1 1 2295 2296 INV
2 1 2292 2294 2297 AND
1 1 2297 2298 INV
2 1 2296 2298 2299 AND
1 1 2299 2300 INV
2 1 2292 2294 2301 XOR
2 1 1813 1829 2302 XOR
2 1 1813 1829 2303 AND
1 1 2303 2304 INV
2 1 589 2302 2305 AND
1 1 2305 2306 INV
2 1 2304 2306 2307 AND
1 1 2307 2308 INV
2 1 589 2302 2309 XOR
2 1 1821 1837 2310 XOR
2 1 1821 1837 2311 AND
1 1 2311 2312 INV
2 1 2308 2310 2313 AND
1 1 2313 2314 INV
2 1 2312 2314 2315 AND
1 1 2315 2316 INV
2 1 2308 2310 2317 XOR
2 1 1820 1836 2318 XOR
2 1 1820 1836 2319 AND
1 1 2319 2320 INV
2 1 2316 2318 2321 AND
1 1 2321 2322 INV
2 1 2320 2322 2323 AND
1 1 2323 2324 INV
2 1 2316 2318 2325 XOR
2 1 1845 1861 2326 XOR
2 1 1845 1861 2327 AND
1 1 2327 2328 INV
2 1 589 2326 2329 AND
1 1 2329 2330 INV
2 1 2328 2330 2331 AND
1 1 2331 2332 INV
2 1 589 2326 2333 XOR
2 1 1853 1869 2334 XOR
2 1 1853 1869 2335 AND
1 1 2335 2336 INV
2 1 2332 2334 2337 AND
1 1 2337 2338 INV
2 1 2336 2338 2339 AND
1 1 2339 2340 INV
2 1 2332 2334 2341 XOR
2 1 1852 1868 2342 XOR
2 1 1852 1868 2343 AND
1 1 2343 2344 INV
2 1 2340 2342 2345 AND
1 1 2345 2346 INV
2 1 2344 2346 2347 AND
1 1 2347 2348 INV
2 1 2340 2342 2349 XOR
2 1 1877 1893 2350 XOR
2 1 1877 1893 2351 AND
1 1 2351 2352 INV
2 1 589 2350 2353 AND
1 1 2353 2354 INV
2 1 2352 2354 2355 AND
1 1 2355 2356 INV
2 1 589 2350 2357 XOR
2 1 1885 1901 2358 XOR
2 1 1885 1901 2359 AND
1 1 2359 2360 INV
2 1 2356 2358 2361 AND
1 1 2361 2362 INV
2 1 2360 2362 2363 AND
1 1 2363 2364 INV
2 1 2356 2358 2365 XOR
2 1 1884 1900 2366 XOR
2 1 1884 1900 2367 AND
1 1 2367 2368 INV
2 1 2364 2366 2369 AND
1 1 2369 2370 INV
2 1 2368 2370 2371 AND
1 1 2371 2372 INV
2 1 2364 2366 2373 XOR
2 1 1909 1925 2374 XOR
2 1 1909 1925 2375 AND
1 1 2375 2376 INV
2 1 589 2374 2377 AND
1 1 2377 2378 INV
2 1 2376 2378 2379 AND
1 1 2379 2380 INV
2 1 589 2374 2381 XOR
2 1 1917 1933 2382 XOR
2 1 1917 1933 2383 AND
1 1 2383 2384 INV
2 1 2380 2382 2385 AND
1 1 2385 2386 INV
2 1 2384 2386 2387 AND
1 1 2387 2388 INV
2 1 2380 2382 2389 XOR
2 1 1916 1932 2390 XOR
2 1 1916 1932 2391 AND
1 1 2391 2392 INV
2 1 2388 2390 2393 AND
1 1 2393 2394 INV
2 1 2392 2394 2395 AND
1 1 2395 2396 INV
2 1 2388 2390 2397 XOR
2 1 1941 1957 2398 XOR
2 1 1941 1957 2399 AND
1 1 2399 2400 INV
2 1 589 2398 2401 AND
1 1 2401 2402 INV
2 1 2400 2402 2403 AND
1 1 2403 2404 INV
2 1 589 2398 2405 XOR
2 1 1949 1965 2406 XOR
2 1 1949 1965 2407 AND
1 1 2407 2408 INV
2 1 2404 2406 2409 AND
1 1 2409 2410 INV
2 1 2408 2410 2411 AND
1 1 2411 2412 INV
2 1 2404 2406 2413 XOR
2 1 1948 1964 2414 XOR
2 1 1948 1964 2415 AND
1 1 2415 2416 INV
2 1 2412 2414 2417 AND
1 1 2417 2418 INV
2 1 2416 2418 2419 AND
1 1 2419 2420 INV
2 1 2412 2414 2421 XOR
2 1 1973 1989 2422 XOR
2 1 1973 1989 2423 AND
1 1 2423 2424 INV
2 1 589 2422 2425 AND
1 1 2425 2426 INV
2 1 2424 2426 2427 AND
1 1 2427 2428 INV
2 1 589 2422 2429 XOR
2 1 1981 1997 2430 XOR
2 1 1981 1997 2431 AND
1 1 2431 2432 INV
2 1 2428 2430 2433 AND
1 1 2433 2434 INV
2 1 2432 2434 2435 AND
1 1 2435 2436 INV
2 1 2428 2430 2437 XOR
2 1 1980 1996 2438 XOR
2 1 1980 1996 2439 AND
1 1 2439 2440 INV
2 1 2436 2438 2441 AND
1 1 2441 2442 INV
2 1 2440 2442 2443 AND
1 1 2443 2444 INV
2 1 2436 2438 2445 XOR
2 1 2005 2021 2446 XOR
2 1 2005 2021 2447 AND
1 1 2447 2448 INV
2 1 589 2446 2449 AND
1 1 2449 2450 INV
2 1 2448 2450 2451 AND
1 1 2451 2452 INV
2 1 589 2446 2453 XOR
2 1 2013 2029 2454 XOR
2 1 2013 2029 2455 AND
1 1 2455 2456 INV
2 1 2452 2454 2457 AND
1 1 2457 2458 INV
2 1 2456 2458 2459 AND
1 1 2459 2460 INV
2 1 2452 2454 2461 XOR
2 1 2012 2028 2462 XOR
2 1 2012 2028 2463 AND
1 1 2463 2464 INV
2 1 2460 2462 2465 AND
1 1 2465 2466 INV
2 1 2464 2466 2467 AND
1 1 2467 2468 INV
2 1 2460 2462 2469 XOR
2 1 2037 2053 2470 XOR
2 1 2037 2053 2471 AND
1 1 2471 2472 INV
2 1 589 2470 2473 AND
1 1 2473 2474 INV
2 1 2472 2474 2475 AND
1 1 2475 2476 INV
2 1 589 2470 2477 XOR
2 1 2045 2061 2478 XOR
2 1 2045 2061 2479 AND
1 1 2479 2480 INV
2 1 2476 2478 2481 AND
1 1 2481 2482 INV
2 1 2480 2482 2483 AND
1 1 2483 2484 INV
2 1 2476 2478 2485 XOR
2 1 2044 2060 2486 XOR
2 1 2044 2060 2487 AND
1 1 2487 2488 INV
2 1 2484 2486 2489 AND
1 1 2489 2490 INV
2 1 2488 2490 2491 AND
1 1 2491 2492 INV
2 1 2484 2486 2493 XOR
2 1 2069 2085 2494 XOR
2 1 2069 2085 2495 AND
1 1 2495 2496 INV
2 1 589 2494 2497 AND
1 1 2497 2498 INV
2 1 2496 2498 2499 AND
1 1 2499 2500 INV
2 1 589 2494 2501 XOR
2 1 2077 2093 2502 XOR
2 1 2077 2093 2503 AND
1 1 2503 2504 INV
2 1 2500 2502 2505 AND
1 1 2505 2506 INV
2 1 2504 2506 2507 AND
1 1 2507 2508 INV
2 1 2500 2502 2509 XOR
2 1 2076 2092 2510 XOR
2 1 2076 2092 2511 AND
1 1 2511 2512 INV
2 1 2508 2510 2513 AND
1 1 2513 2514 INV
2 1 2512 2514 2515 AND
1 1 2515 2516 INV
2 1 2508 2510 2517 XOR
2 1 2101 2117 2518 XOR
2 1 2101 2117 2519 AND
1 1 2519 2520 INV
2 1 589 2518 2521 AND
1 1 2521 2522 INV
2 1 2520 2522 2523 AND
1 1 2523 2524 INV
2 1 589 2518 2525 XOR
2 1 2109 2125 2526 XOR
2 1 2109 2125 2527 AND
1 1 2527 2528 INV
2 1 2524 2526 2529 AND
1 1 2529 2530 INV
2 1 2528 2530 2531 AND
1 1 2531 2532 INV
2 1 2524 2526 2533 XOR
2 1 2108 2124 2534 XOR
2 1 2108 2124 2535 AND
1 1 2535 2536 INV
2 1 2532 2534 2537 AND
1 1 2537 2538 INV
2 1 2536 2538 2539 AND
1 1 2539 2540 INV
2 1 2532 2534 2541 XOR
2 1 2133 2149 2542 XOR
2 1 2133 2149 2543 AND
1 1 2543 2544 INV
2 1 589 2542 2545 AND
1 1 2545 2546 INV
2 1 2544 2546 2547 AND
1 1 2547 2548 INV
2 1 589 2542 2549 XOR
2 1 2141 2157 2550 XOR
2 1 2141 2157 2551 AND
1 1 2551 2552 INV
2 1 2548 2550 2553 AND
1 1 2553 2554 INV
2 1 2552 2554 2555 AND
1 1 2555 2556 INV
2 1 2548 2550 2557 XOR
2 1 2140 2156 2558 XOR
2 1 2140 2156 2559 AND
1 1 2559 2560 INV
2 1 2556 2558 2561 AND
1 1 2561 2562 INV
2 1 2560 2562 2563 AND
1 1 2563 2564 INV
2 1 2556 2558 2565 XOR
2 1 2165 2181 2566 XOR
2 1 2165 2181 2567 AND
1 1 2567 2568 INV
2 1 589 2566 2569 AND
1 1 2569 2570 INV
2 1 2568 2570 2571 AND
1 1 2571 2572 INV
2 1 589 2566 2573 XOR
2 1 2173 2189 2574 XOR
2 1 2173 2189 2575 AND
1 1 2575 2576 INV
2 1 2572 2574 2577 AND
1 1 2577 2578 INV
2 1 2576 2578 2579 AND
1 1 2579 2580 INV
2 1 2572 2574 2581 XOR
2 1 2172 2188 2582 XOR
2 1 2172 2188 2583 AND
1 1 2583 2584 INV
2 1 2580 2582 2585 AND
1 1 2585 2586 INV
2 1 2584 2586 2587 AND
1 1 2587 2588 INV
2 1 2580 2582 2589 XOR
2 1 2197 2213 2590 XOR
2 1 2197 2213 2591 AND
1 1 2591 2592 INV
2 1 589 2590 2593 AND
1 1 2593 2594 INV
2 1 2592 2594 2595 AND
1 1 2595 2596 INV
2 1 589 2590 2597 XOR
2 1 2205 2221 2598 XOR
2 1 2205 2221 2599 AND
1 1 2599 2600 INV
2 1 2596 2598 2601 AND
1 1 2601 2602 INV
2 1 2600 2602 2603 AND
1 1 2603 2604 INV
2 1 2596 2598 2605 XOR
2 1 2204 2220 2606 XOR
2 1 2204 2220 2607 AND
1 1 2607 2608 INV
2 1 2604 2606 2609 AND
1 1 2609 2610 INV
2 1 2608 2610 2611 AND
1 1 2611 2612 INV
2 1 2604 2606 2613 XOR
2 1 2229 2245 2614 XOR
2 1 2229 2245 2615 AND
1 1 2615 2616 INV
2 1 589 2614 2617 AND
1 1 2617 2618 INV
2 1 2616 2618 2619 AND
1 1 2619 2620 INV
2 1 589 2614 2621 XOR
2 1 2237 2253 2622 XOR
2 1 2237 2253 2623 AND
1 1 2623 2624 INV
2 1 2620 2622 2625 AND
1 1 2625 2626 INV
2 1 2624 2626 2627 AND
1 1 2627 2628 INV
2 1 2620 2622 2629 XOR
2 1 2236 2252 2630 XOR
2 1 2236 2252 2631 AND
1 1 2631 2632 INV
2 1 2628 2630 2633 AND
1 1 2633 2634 INV
2 1 2632 2634 2635 AND
1 1 2635 2636 INV
2 1 2628 2630 2637 XOR
2 1 2261 2285 2638 XOR
2 1 2261 2285 2639 AND
1 1 2639 2640 INV
2 1 589 2638 2641 AND
1 1 2641 2642 INV
2 1 2640 2642 2643 AND
1 1 2643 2644 INV
2 1 589 2638 2645 XOR
2 1 2269 2293 2646 XOR
2 1 2269 2293 2647 AND
1 1 2647 2648 INV
2 1 2644 2646 2649 AND
1 1 2649 2650 INV
2 1 2648 2650 2651 AND
1 1 2651 2652 INV
2 1 2644 2646 2653 XOR
2 1 2277 2301 2654 XOR
2 1 2277 2301 2655 AND
1 1 2655 2656 INV
2 1 2652 2654 2657 AND
1 1 2657 2658 INV
2 1 2656 2658 2659 AND
1 1 2659 2660 INV
2 1 2652 2654 2661 XOR
2 1 2276 2300 2662 XOR
2 1 2276 2300 2663 AND
1 1 2663 2664 INV
2 1 2660 2662 2665 AND
1 1 2665 2666 INV
2 1 2664 2666 2667 AND
1 1 2667 2668 INV
2 1 2660 2662 2669 XOR
2 1 2309 2333 2670 XOR
2 1 2309 2333 2671 AND
1 1 2671 2672 INV
2 1 589 2670 2673 AND
1 1 2673 2674 INV
2 1 2672 2674 2675 AND
1 1 2675 2676 INV
2 1 589 2670 2677 XOR
2 1 2317 2341 2678 XOR
2 1 2317 2341 2679 AND
1 1 2679 2680 INV
2 1 2676 2678 2681 AND
1 1 2681 2682 INV
2 1 2680 2682 2683 AND
1 1 2683 2684 INV
2 1 2676 2678 2685 XOR
2 1 2325 2349 2686 XOR
2 1 2325 2349 2687 AND
1 1 2687 2688 INV
2 1 2684 2686 2689 AND
1 1 2689 2690 INV
2 1 2688 2690 2691 AND
1 1 2691 2692 INV
2 1 2684 2686 2693 XOR
2 1 2324 2348 2694 XOR
2 1 2324 2348 2695 AND
1 1 2695 2696 INV
2 1 2692 2694 2697 AND
1 1 2697 2698 INV
2 1 2696 2698 2699 AND
1 1 2699 2700 INV
2 1 2692 2694 2701 XOR
2 1 2357 2381 2702 XOR
2 1 2357 2381 2703 AND
1 1 2703 2704 INV
2 1 589 2702 2705 AND
1 1 2705 2706 INV
2 1 2704 2706 2707 AND
1 1 2707 2708 INV
2 1 589 2702 2709 XOR
2 1 2365 2389 2710 XOR
2 1 2365 2389 2711 AND
1 1 2711 2712 INV
2 1 2708 2710 2713 AND
1 1 2713 2714 INV
2 1 2712 2714 2715 AND
1 1 2715 2716 INV
2 1 2708 2710 2717 XOR
2 1 2373 2397 2718 XOR
2 1 2373 2397 2719 AND
1 1 2719 2720 INV
2 1 2716 2718 2721 AND
1 1 2721 2722 INV
2 1 2720 2722 2723 AND
1 1 2723 2724 INV
2 1 2716 2718 2725 XOR
2 1 2372 2396 2726 XOR
2 1 2372 2396 2727 AND
1 1 2727 2728 INV
2 1 2724 2726 2729 AND
1 1 2729 2730 INV
2 1 2728 2730 2731 AND
1 1 2731 2732 INV
2 1 2724 2726 2733 XOR
2 1 2405 2429 2734 XOR
2 1 2405 2429 2735 AND
1 1 2735 2736 INV
2 1 589 2734 2737 AND
1 1 2737 2738 INV
2 1 2736 2738 2739 AND
1 1 2739 2740 INV
2 1 589 2734 2741 XOR
2 1 2413 2437 2742 XOR
2 1 2413 2437 2743 AND
1 1 2743 2744 INV
2 1 2740 2742 2745 AND
1 1 2745 2746 INV
2 1 2744 2746 2747 AND
1 1 2747 2748 INV
2 1 2740 2742 2749 XOR
2 1 2421 2445 2750 XOR
2 1 2421 2445 2751 AND
1 1 2751 2752 INV
2 1 2748 2750 2753 AND
1 1 2753 2754 INV
2 1 2752 2754 2755 AND
1 1 2755 2756 INV
2 1 2748 2750 2757 XOR
2 1 2420 2444 2758 XOR
2 1 2420 2444 2759 AND
1 1 2759 2760 INV
2 1 2756 2758 2761 AND
1 1 2761 2762 INV
2 1 2760 2762 2763 AND
1 1 2763 2764 INV
2 1 2756 2758 2765 XOR
2 1 2453 2477 2766 XOR
2 1 2453 2477 2767 AND
1 1 2767 2768 INV
2 1 589 2766 2769 AND
1 1 2769 2770 INV
2 1 2768 2770 2771 AND
1 1 2771 2772 INV
2 1 589 2766 2773 XOR
2 1 2461 2485 2774 XOR
2 1 2461 2485 2775 AND
1 1 2775 2776 INV
2 1 2772 2774 2777 AND
1 1 2777 2778 INV
2 1 2776 2778 2779 AND
1 1 2779 2780 INV
2 1 2772 2774 2781 XOR
2 1 2469 2493 2782 XOR
2 1 2469 2493 2783 AND
1 1 2783 2784 INV
2 1 2780 2782 2785 AND
1 1 2785 2786 INV
2 1 2784 2786 2787 AND
1 1 2787 2788 INV
2 1 2780 2782 2789 XOR
2 1 2468 2492 2790 XOR
2 1 2468 2492 2791 AND
1 1 2791 2792 INV
2 1 2788 2790 2793 AND
1 1 2793 2794 INV
2 1 2792 2794 2795 AND
1 1 2795 2796 INV
2 1 2788 2790 2797 XOR
2 1 2501 2525 2798 XOR
2 1 2501 2525 2799 AND
1 1 2799 2800 INV
2 1 589 2798 2801 AND
1 1 2801 2802 INV
2 1 2800 2802 2803 AND
1 1 2803 2804 INV
2 1 589 2798 2805 XOR
2 1 2509 2533 2806 XOR
2 1 2509 2533 2807 AND
1 1 2807 2808 INV
2 1 2804 2806 2809 AND
1 1 2809 2810 INV
2 1 2808 2810 2811 AND
1 1 2811 2812 INV
2 1 2804 2806 2813 XOR
2 1 2517 2541 2814 XOR
2 1 2517 2541 2815 AND
1 1 2815 2816 INV
2 1 2812 2814 2817 AND
1 1 2817 2818 INV
2 1 2816 2818 2819 AND
1 1 2819 2820 INV
2 1 2812 2814 2821 XOR
2 1 2516 2540 2822 XOR
2 1 2516 2540 2823 AND
1 1 2823 2824 INV
2 1 2820 2822 2825 AND
1 1 2825 2826 INV
2 1 2824 2826 2827 AND
1 1 2827 2828 INV
2 1 2820 2822 2829 XOR
2 1 2549 2573 2830 XOR
2 1 2549 2573 2831 AND
1 1 2831 2832 INV
2 1 589 2830 2833 AND
1 1 2833 2834 INV
2 1 2832 2834 2835 AND
1 1 2835 2836 INV
2 1 589 2830 2837 XOR
2 1 2557 2581 2838 XOR
2 1 2557 2581 2839 AND
1 1 2839 2840 INV
2 1 2836 2838 2841 AND
1 1 2841 2842 INV
2 1 2840 2842 2843 AND
1 1 2843 2844 INV
2 1 2836 2838 2845 XOR
2 1 2565 2589 2846 XOR
2 1 2565 2589 2847 AND
1 1 2847 2848 INV
2 1 2844 2846 2849 AND
1 1 2849 2850 INV
2 1 2848 2850 2851 AND
1 1 2851 2852 INV
2 1 2844 2846 2853 XOR
2 1 2564 2588 2854 XOR
2 1 2564 2588 2855 AND
1 1 2855 2856 INV
2 1 2852 2854 2857 AND
1 1 2857 2858 INV
2 1 2856 2858 2859 AND
1 1 2859 2860 INV
2 1 2852 2854 2861 XOR
2 1 2597 2621 2862 XOR
2 1 2597 2621 2863 AND
1 1 2863 2864 INV
2 1 589 2862 2865 AND
1 1 2865 2866 INV
2 1 2864 2866 2867 AND
1 1 2867 2868 INV
2 1 589 2862 2869 XOR
2 1 2605 2629 2870 XOR
2 1 2605 2629 2871 AND
1 1 2871 2872 INV
2 1 2868 2870 2873 AND
1 1 2873 2874 INV
2 1 2872 2874 2875 AND
1 1 2875 2876 INV
2 1 2868 2870 2877 XOR
2 1 2613 2637 2878 XOR
2 1 2613 2637 2879 AND
1 1 2879 2880 INV
2 1 2876 2878 2881 AND
1 1 2881 2882 INV
2 1 2880 2882 2883 AND
1 1 2883 2884 INV
2 1 2876 2878 2885 XOR
2 1 2612 2636 2886 XOR
2 1 2612 2636 2887 AND
1 1 2887 2888 INV
2 1 2884 2886 2889 AND
1 1 2889 2890 INV
2 1 2888 2890 2891 AND
1 1 2891 2892 INV
2 1 2884 2886 2893 XOR
2 1 2645 2677 2894 XOR
2 1 2645 2677 2895 AND
1 1 2895 2896 INV
2 1 589 2894 2897 AND
1 1 2897 2898 INV
2 1 2896 2898 2899 AND
1 1 2899 2900 INV
2 1 589 2894 2901 XOR
2 1 2653 2685 2902 XOR
2 1 2653 2685 2903 AND
1 1 2903 2904 INV
2 1 2900 2902 2905 AND
1 1 2905 2906 INV
2 1 2904 2906 2907 AND
1 1 2907 2908 INV
2 1 2900 2902 2909 XOR
2 1 2661 2693 2910 XOR
2 1 2661 2693 2911 AND
1 1 2911 2912 INV
2 1 2908 2910 2913 AND
1 1 2913 2914 INV
2 1 2912 2914 2915 AND
1 1 2915 2916 INV
2 1 2908 2910 2917 XOR
2 1 2669 2701 2918 XOR
2 1 2669 2701 2919 AND
1 1 2919 2920 INV
2 1 2916 2918 2921 AND
1 1 2921 2922 INV
2 1 2920 2922 2923 AND
1 1 2923 2924 INV
2 1 2916 2918 2925 XOR
2 1 2668 2700 2926 XOR
2 1 2668 2700 2927 AND
1 1 2927 2928 INV
2 1 2924 2926 2929 AND
1 1 2929 2930 INV
2 1 2928 2930 2931 AND
1 1 2931 2932 INV
2 1 2924 2926 2933 XOR
2 1 2709 2741 2934 XOR
2 1 2709 2741 2935 AND
1 1 2935 2936 INV
2 1 589 2934 2937 AND
1 1 2937 2938 INV
2 1 2936 2938 2939 AND
1 1 2939 2940 INV
2 1 589 2934 2941 XOR
2 1 2717 2749 2942 XOR
2 1 2717 2749 2943 AND
1 1 2943 2944 INV
2 1 2940 2942 2945 AND
1 1 2945 2946 INV
2 1 2944 2946 2947 AND
1 1 2947 2948 INV
2 1 2940 2942 2949 XOR
2 1 2725 2757 2950 XOR
2 1 2725 2757 2951 AND
1 1 2951 2952 INV
2 1 2948 2950 2953 AND
1 1 2953 2954 INV
2 1 2952 2954 2955 AND
1 1 2955 2956 INV
2 1 2948 2950 2957 XOR
2 1 2733 2765 2958 XOR
2 1 2733 2765 2959 AND
1 1 2959 2960 INV
2 1 2956 2958 2961 AND
1 1 2961 2962 INV
2 1 2960 2962 2963 AND
1 1 2963 2964 INV
2 1 2956 2958 2965 XOR
2 1 2732 2764 2966 XOR
2 1 2732 2764 2967 AND
1 1 2967 2968 INV
2 1 2964 2966 2969 AND
1 1 2969 2970 INV
2 1 2968 2970 2971 AND
1 1 2971 2972 INV
2 1 2964 2966 2973 XOR
2 1 2773 2805 2974 XOR
2 1 2773 2805 2975 AND
1 1 2975 2976 INV
2 1 589 2974 2977 AND
1 1 2977 2978 INV
2 1 2976 2978 2979 AND
1 1 2979 2980 INV
2 1 589 2974 2981 XOR
2 1 2781 2813 2982 XOR
2 1 2781 2813 2983 AND
1 1 2983 2984 INV
2 1 2980 2982 2985 AND
1 1 2985 2986 INV
2 1 2984 2986 2987 AND
1 1 2987 2988 INV
2 1 2980 2982 2989 XOR
2 1 2789 2821 2990 XOR
2 1 2789 2821 2991 AND
1 1 2991 2992 INV
2 1 2988 2990 2993 AND
1 1 2993 2994 INV
2 1 2992 2994 2995 AND
1 1 2995 2996 INV
2 1 2988 2990 2997 XOR
2 1 2797 2829 2998 XOR
2 1 2797 2829 2999 AND
1 1 2999 3000 INV
2 1 2996 2998 3001 AND
1 1 3001 3002 INV
2 1 3000 3002 3003 AND
1 1 3003 3004 INV
2 1 2996 2998 3005 XOR
2 1 2796 2828 3006 XOR
2 1 2796 2828 3007 AND
1 1 3007 3008 INV
2 1 3004 3006 3009 AND
1 1 3009 3010 INV
2 1 3008 3010 3011 AND
1 1 3011 3012 INV
2 1 3004 3006 3013 XOR
2 1 2837 2869 3014 XOR
2 1 2837 2869 3015 AND
1 1 3015 3016 INV
2 1 589 3014 3017 AND
1 1 3017 3018 INV
2 1 3016 3018 3019 AND
1 1 3019 3020 INV
2 1 589 3014 3021 XOR
2 1 2845 2877 3022 XOR
2 1 2845 2877 3023 AND
1 1 3023 3024 INV
2 1 3020 3022 3025 AND
1 1 3025 3026 INV
2 1 3024 3026 3027 AND
1 1 3027 3028 INV
2 1 3020 3022 3029 XOR
2 1 2853 2885 3030 XOR
2 1 2853 2885 3031 AND
1 1 3031 3032 INV
2 1 3028 3030 3033 AND
1 1 3033 3034 INV
2 1 3032 3034 3035 AND
1 1 3035 3036 INV
2 1 3028 3030 3037 XOR
2 1 2861 2893 3038 XOR
2 1 2861 2893 3039 AND
1 1 3039 3040 INV
2 1 3036 3038 3041 AND
1 1 3041 3042 INV
2 1 3040 3042 3043 AND
1 1 3043 3044 INV
2 1 3036 3038 3045 XOR
2 1 2860 2892 3046 XOR
2 1 2860 2892 3047 AND
1 1 3047 3048 INV
2 1 3044 3046 3049 AND
1 1 3049 3050 INV
2 1 3048 3050 3051 AND
1 1 3051 3052 INV
2 1 3044 3046 3053 XOR
2 1 2901 2941 3054 XOR
2 1 2901 2941 3055 AND
1 1 3055 3056 INV
2 1 589 3054 3057 AND
1 1 3057 3058 INV
2 1 3056 3058 3059 AND
1 1 3059 3060 INV
2 1 589 3054 3061 XOR
2 1 2909 2949 3062 XOR
2 1 2909 2949 3063 AND
1 1 3063 3064 INV
2 1 3060 3062 3065 AND
1 1 3065 3066 INV
2 1 3064 3066 3067 AND
1 1 3067 3068 INV
2 1 3060 3062 3069 XOR
2 1 2917 2957 3070 XOR
2 1 2917 2957 3071 AND
1 1 3071 3072 INV
2 1 3068 3070 3073 AND
1 1 3073 3074 INV
2 1 3072 3074 3075 AND
1 1 3075 3076 INV
2 1 3068 3070 3077 XOR
2 1 2925 2965 3078 XOR
2 1 2925 2965 3079 AND
1 1 3079 3080 INV
2 1 3076 3078 3081 AND
1 1 3081 3082 INV
2 1 3080 3082 3083 AND
1 1 3083 3084 INV
2 1 3076 3078 3085 XOR
2 1 2933 2973 3086 XOR
2 1 2933 2973 3087 AND
1 1 3087 3088 INV
2 1 3084 3086 3089 AND
1 1 3089 3090 INV
2 1 3088 3090 3091 AND
1 1 3091 3092 INV
2 1 3084 3086 3093 XOR
2 1 2932 2972 3094 XOR
2 1 2932 2972 3095 AND
1 1 3095 3096 INV
2 1 3092 3094 3097 AND
1 1 3097 3098 INV
2 1 3096 3098 3099 AND
1 1 3099 3100 INV
2 1 3092 3094 3101 XOR
2 1 2981 3021 3102 XOR
2 1 2981 3021 3103 AND
1 1 3103 3104 INV
2 1 589 3102 3105 AND
1 1 3105 3106 INV
2 1 3104 3106 3107 AND
1 1 3107 3108 INV
2 1 589 3102 3109 XOR
2 1 2989 3029 3110 XOR
2 1 2989 3029 3111 AND
1 1 3111 3112 INV
2 1 3108 3110 3113 AND
1 1 3113 3114 INV
2 1 3112 3114 3115 AND
1 1 3115 3116 INV
2 1 3108 3110 3117 XOR
2 1 2997 3037 3118 XOR
2 1 2997 3037 3119 AND
1 1 3119 3120 INV
2 1 3116 3118 3121 AND
1 1 3121 3122 INV
2 1 3120 3122 3123 AND
1 1 3123 3124 INV
2 1 3116 3118 3125 XOR
2 1 3005 3045 3126 XOR
2 1 3005 3045 3127 AND
1 1 3127 3128 INV
2 1 3124 3126 3129 AND
1 1 3129 3130 INV
2 1 3128 3130 3131 AND
1 1 3131 3132 INV
2 1 3124 3126 3133 XOR
2 1 3013 3053 3134 XOR
2 1 3013 3053 3135 AND
1 1 3135 3136 INV
2 1 3132 3134 3137 AND
1 1 3137 3138 INV
2 1 3136 3138 3139 AND
1 1 3139 3140 INV
2 1 3132 3134 3141 XOR
2 1 3012 3052 3142 XOR
2 1 3012 3052 3143 AND
1 1 3143 3144 INV
2 1 3140 3142 3145 AND
1 1 3145 3146 INV
2 1 3144 3146 3147 AND
1 1 3147 3148 INV
2 1 3140 3142 3149 XOR
2 1 3061 3109 3150 XOR
2 1 3061 3109 3151 AND
1 1 3151 3152 INV
2 1 589 3150 3153 AND
1 1 3153 3154 INV
2 1 3152 3154 3155 AND
1 1 3155 3156 INV
2 1 589 3150 3157 XOR
2 1 3069 3117 3158 XOR
2 1 3069 3117 3159 AND
1 1 3159 3160 INV
2 1 3156 3158 3161 AND
1 1 3161 3162 INV
2 1 3160 3162 3163 AND
1 1 3163 3164 INV
2 1 3156 3158 3165 XOR
2 1 3077 3125 3166 XOR
2 1 3077 3125 3167 AND
1 1 3167 3168 INV
2 1 3164 3166 3169 AND
1 1 3169 3170 INV
2 1 3168 3170 3171 AND
1 1 3171 3172 INV
2 1 3164 3166 3173 XOR
2 1 3085 3133 3174 XOR
2 1 3085 3133 3175 AND
1 1 3175 3176 INV
2 1 3172 3174 3177 AND
1 1 3177 3178 INV
2 1 3176 3178 3179 AND
1 1 3179 3180 INV
2 1 3172 3174 3181 XOR
2 1 3093 3141 3182 XOR
2 1 3093 3141 3183 AND
1 1 3183 3184 INV
2 1 3180 3182 3185 AND
1 1 3185 3186 INV
2 1 3184 3186 3187 AND
1 1 3187 3188 INV
2 1 3180 3182 3189 XOR
2 1 3101 3149 3190 XOR
2 1 3101 3149 3191 AND
1 1 3191 3192 INV
2 1 3188 3190 3193 AND
1 1 3193 3194 INV
2 1 3192 3194 3195 AND
1 1 3195 3196 INV
2 1 3188 3190 3197 XOR
2 1 3100 3148 3198 XOR
2 1 3100 3148 3199 AND
1 1 3199 3200 INV
2 1 3196 3198 3201 AND
1 1 3201 3202 INV
2 1 3200 3202 3203 AND
1 1 3203 3204 INV
2 1 3196 3198 3205 XOR
1 1 3204 3206 INV
1 1 3205 3207 INV
1 1 3197 3208 INV
1 1 3189 3209 INV
1 1 3181 3210 INV
1 1 3173 3211 INV
1 1 3165 3212 INV
1 1 3157 3213 INV
2 1 3206 3207 3214 AND
2 1 3208 3209 3215 AND
2 1 3210 3211 3216 AND
2 1 3212 3213 3217 AND
2 1 3214 3215 3218 AND
2 1 3216 3217 3219 AND
2 1 3218 3219 3220 AND
1 1 3220 3221 INV
1 1 3221 3222 INV