2635 3373
369 369 1

1 1 0 738 INV
2 1 0 738 739 AND
2 1 0 369 740 AND
2 1 1 370 741 XOR
2 1 2 371 742 XOR
1 1 741 743 INV
1 1 742 744 INV
2 1 743 744 745 AND
1 1 745 746 INV
2 1 740 746 747 AND
2 1 3 372 748 AND
2 1 4 373 749 XOR
2 1 5 374 750 XOR
1 1 749 751 INV
1 1 750 752 INV
2 1 751 752 753 AND
1 1 753 754 INV
2 1 748 754 755 AND
2 1 6 375 756 AND
2 1 7 376 757 XOR
2 1 8 377 758 XOR
1 1 757 759 INV
1 1 758 760 INV
2 1 759 760 761 AND
1 1 761 762 INV
2 1 756 762 763 AND
2 1 9 378 764 AND
2 1 10 379 765 XOR
2 1 11 380 766 XOR
1 1 765 767 INV
1 1 766 768 INV
2 1 767 768 769 AND
1 1 769 770 INV
2 1 764 770 771 AND
2 1 12 381 772 AND
2 1 13 382 773 XOR
2 1 14 383 774 XOR
1 1 773 775 INV
1 1 774 776 INV
2 1 775 776 777 AND
1 1 777 778 INV
2 1 772 778 779 AND
2 1 15 384 780 AND
2 1 16 385 781 XOR
2 1 17 386 782 XOR
1 1 781 783 INV
1 1 782 784 INV
2 1 783 784 785 AND
1 1 785 786 INV
2 1 780 786 787 AND
2 1 18 387 788 AND
2 1 19 388 789 XOR
2 1 20 389 790 XOR
1 1 789 791 INV
1 1 790 792 INV
2 1 791 792 793 AND
1 1 793 794 INV
2 1 788 794 795 AND
2 1 21 390 796 AND
2 1 22 391 797 XOR
2 1 23 392 798 XOR
1 1 797 799 INV
1 1 798 800 INV
2 1 799 800 801 AND
1 1 801 802 INV
2 1 796 802 803 AND
2 1 24 393 804 AND
2 1 25 394 805 XOR
2 1 26 395 806 XOR
1 1 805 807 INV
1 1 806 808 INV
2 1 807 808 809 AND
1 1 809 810 INV
2 1 804 810 811 AND
2 1 27 396 812 AND
2 1 28 397 813 XOR
2 1 29 398 814 XOR
1 1 813 815 INV
1 1 814 816 INV
2 1 815 816 817 AND
1 1 817 818 INV
2 1 812 818 819 AND
2 1 30 399 820 AND
2 1 31 400 821 XOR
2 1 32 401 822 XOR
1 1 821 823 INV
1 1 822 824 INV
2 1 823 824 825 AND
1 1 825 826 INV
2 1 820 826 827 AND
2 1 33 402 828 AND
2 1 34 403 829 XOR
2 1 35 404 830 XOR
1 1 829 831 INV
1 1 830 832 INV
2 1 831 832 833 AND
1 1 833 834 INV
2 1 828 834 835 AND
2 1 36 405 836 AND
2 1 37 406 837 XOR
2 1 38 407 838 XOR
1 1 837 839 INV
1 1 838 840 INV
2 1 839 840 841 AND
1 1 841 842 INV
2 1 836 842 843 AND
2 1 39 408 844 AND
2 1 40 409 845 XOR
2 1 41 410 846 XOR
1 1 845 847 INV
1 1 846 848 INV
2 1 847 848 849 AND
1 1 849 850 INV
2 1 844 850 851 AND
2 1 42 411 852 AND
2 1 43 412 853 XOR
2 1 44 413 854 XOR
1 1 853 855 INV
1 1 854 856 INV
2 1 855 856 857 AND
1 1 857 858 INV
2 1 852 858 859 AND
2 1 45 414 860 AND
2 1 46 415 861 XOR
2 1 47 416 862 XOR
1 1 861 863 INV
1 1 862 864 INV
2 1 863 864 865 AND
1 1 865 866 INV
2 1 860 866 867 AND
2 1 48 417 868 AND
2 1 49 418 869 XOR
2 1 50 419 870 XOR
1 1 869 871 INV
1 1 870 872 INV
2 1 871 872 873 AND
1 1 873 874 INV
2 1 868 874 875 AND
2 1 51 420 876 AND
2 1 52 421 877 XOR
2 1 53 422 878 XOR
1 1 877 879 INV
1 1 878 880 INV
2 1 879 880 881 AND
1 1 881 882 INV
2 1 876 882 883 AND
2 1 54 423 884 AND
2 1 55 424 885 XOR
2 1 56 425 886 XOR
1 1 885 887 INV
1 1 886 888 INV
2 1 887 888 889 AND
1 1 889 890 INV
2 1 884 890 891 AND
2 1 57 426 892 AND
2 1 58 427 893 XOR
2 1 59 428 894 XOR
1 1 893 895 INV
1 1 894 896 INV
2 1 895 896 897 AND
1 1 897 898 INV
2 1 892 898 899 AND
2 1 60 429 900 AND
2 1 61 430 901 XOR
2 1 62 431 902 XOR
1 1 901 903 INV
1 1 902 904 INV
2 1 903 904 905 AND
1 1 905 906 INV
2 1 900 906 907 AND
2 1 63 432 908 AND
2 1 64 433 909 XOR
2 1 65 434 910 XOR
1 1 909 911 INV
1 1 910 912 INV
2 1 911 912 913 AND
1 1 913 914 INV
2 1 908 914 915 AND
2 1 66 435 916 AND
2 1 67 436 917 XOR
2 1 68 437 918 XOR
1 1 917 919 INV
1 1 918 920 INV
2 1 919 920 921 AND
1 1 921 922 INV
2 1 916 922 923 AND
2 1 69 438 924 AND
2 1 70 439 925 XOR
2 1 71 440 926 XOR
1 1 925 927 INV
1 1 926 928 INV
2 1 927 928 929 AND
1 1 929 930 INV
2 1 924 930 931 AND
2 1 72 441 932 AND
2 1 73 442 933 XOR
2 1 74 443 934 XOR
1 1 933 935 INV
1 1 934 936 INV
2 1 935 936 937 AND
1 1 937 938 INV
2 1 932 938 939 AND
2 1 75 444 940 AND
2 1 76 445 941 XOR
2 1 77 446 942 XOR
1 1 941 943 INV
1 1 942 944 INV
2 1 943 944 945 AND
1 1 945 946 INV
2 1 940 946 947 AND
2 1 78 447 948 AND
2 1 79 448 949 XOR
2 1 80 449 950 XOR
1 1 949 951 INV
1 1 950 952 INV
2 1 951 952 953 AND
1 1 953 954 INV
2 1 948 954 955 AND
2 1 81 450 956 AND
2 1 82 451 957 XOR
2 1 83 452 958 XOR
1 1 957 959 INV
1 1 958 960 INV
2 1 959 960 961 AND
1 1 961 962 INV
2 1 956 962 963 AND
2 1 84 453 964 AND
2 1 85 454 965 XOR
2 1 86 455 966 XOR
1 1 965 967 INV
1 1 966 968 INV
2 1 967 968 969 AND
1 1 969 970 INV
2 1 964 970 971 AND
2 1 87 456 972 AND
2 1 88 457 973 XOR
2 1 89 458 974 XOR
1 1 973 975 INV
1 1 974 976 INV
2 1 975 976 977 AND
1 1 977 978 INV
2 1 972 978 979 AND
2 1 90 459 980 AND
2 1 91 460 981 XOR
2 1 92 461 982 XOR
1 1 981 983 INV
1 1 982 984 INV
2 1 983 984 985 AND
1 1 985 986 INV
2 1 980 986 987 AND
2 1 93 462 988 AND
2 1 94 463 989 XOR
2 1 95 464 990 XOR
1 1 989 991 INV
1 1 990 992 INV
2 1 991 992 993 AND
1 1 993 994 INV
2 1 988 994 995 AND
2 1 96 465 996 AND
2 1 97 466 997 XOR
2 1 98 467 998 XOR
1 1 997 999 INV
1 1 998 1000 INV
2 1 999 1000 1001 AND
1 1 1001 1002 INV
2 1 996 1002 1003 AND
2 1 99 468 1004 AND
2 1 100 469 1005 XOR
2 1 101 470 1006 XOR
1 1 1005 1007 INV
1 1 1006 1008 INV
2 1 1007 1008 1009 AND
1 1 1009 1010 INV
2 1 1004 1010 1011 AND
2 1 102 471 1012 AND
2 1 103 472 1013 XOR
2 1 104 473 1014 XOR
1 1 1013 1015 INV
1 1 1014 1016 INV
2 1 1015 1016 1017 AND
1 1 1017 1018 INV
2 1 1012 1018 1019 AND
2 1 105 474 1020 AND
2 1 106 475 1021 XOR
2 1 107 476 1022 XOR
1 1 1021 1023 INV
1 1 1022 1024 INV
2 1 1023 1024 1025 AND
1 1 1025 1026 INV
2 1 1020 1026 1027 AND
2 1 108 477 1028 AND
2 1 109 478 1029 XOR
2 1 110 479 1030 XOR
1 1 1029 1031 INV
1 1 1030 1032 INV
2 1 1031 1032 1033 AND
1 1 1033 1034 INV
2 1 1028 1034 1035 AND
2 1 111 480 1036 AND
2 1 112 481 1037 XOR
2 1 113 482 1038 XOR
1 1 1037 1039 INV
1 1 1038 1040 INV
2 1 1039 1040 1041 AND
1 1 1041 1042 INV
2 1 1036 1042 1043 AND
2 1 114 483 1044 AND
2 1 115 484 1045 XOR
2 1 116 485 1046 XOR
1 1 1045 1047 INV
1 1 1046 1048 INV
2 1 1047 1048 1049 AND
1 1 1049 1050 INV
2 1 1044 1050 1051 AND
2 1 117 486 1052 AND
2 1 118 487 1053 XOR
2 1 119 488 1054 XOR
1 1 1053 1055 INV
1 1 1054 1056 INV
2 1 1055 1056 1057 AND
1 1 1057 1058 INV
2 1 1052 1058 1059 AND
2 1 120 489 1060 AND
2 1 121 490 1061 XOR
2 1 122 491 1062 XOR
1 1 1061 1063 INV
1 1 1062 1064 INV
2 1 1063 1064 1065 AND
1 1 1065 1066 INV
2 1 1060 1066 1067 AND
2 1 123 492 1068 AND
2 1 124 493 1069 XOR
2 1 125 494 1070 XOR
1 1 1069 1071 INV
1 1 1070 1072 INV
2 1 1071 1072 1073 AND
1 1 1073 1074 INV
2 1 1068 1074 1075 AND
2 1 126 495 1076 AND
2 1 127 496 1077 XOR
2 1 128 497 1078 XOR
1 1 1077 1079 INV
1 1 1078 1080 INV
2 1 1079 1080 1081 AND
1 1 1081 1082 INV
2 1 1076 1082 1083 AND
2 1 129 498 1084 AND
2 1 130 499 1085 XOR
2 1 131 500 1086 XOR
1 1 1085 1087 INV
1 1 1086 1088 INV
2 1 1087 1088 1089 AND
1 1 1089 1090 INV
2 1 1084 1090 1091 AND
2 1 132 501 1092 AND
2 1 133 502 1093 XOR
2 1 134 503 1094 XOR
1 1 1093 1095 INV
1 1 1094 1096 INV
2 1 1095 1096 1097 AND
1 1 1097 1098 INV
2 1 1092 1098 1099 AND
2 1 135 504 1100 AND
2 1 136 505 1101 XOR
2 1 137 506 1102 XOR
1 1 1101 1103 INV
1 1 1102 1104 INV
2 1 1103 1104 1105 AND
1 1 1105 1106 INV
2 1 1100 1106 1107 AND
2 1 138 507 1108 AND
2 1 139 508 1109 XOR
2 1 140 509 1110 XOR
1 1 1109 1111 INV
1 1 1110 1112 INV
2 1 1111 1112 1113 AND
1 1 1113 1114 INV
2 1 1108 1114 1115 AND
2 1 141 510 1116 AND
2 1 142 511 1117 XOR
2 1 143 512 1118 XOR
1 1 1117 1119 INV
1 1 1118 1120 INV
2 1 1119 1120 1121 AND
1 1 1121 1122 INV
2 1 1116 1122 1123 AND
2 1 144 513 1124 AND
2 1 145 514 1125 XOR
2 1 146 515 1126 XOR
1 1 1125 1127 INV
1 1 1126 1128 INV
2 1 1127 1128 1129 AND
1 1 1129 1130 INV
2 1 1124 1130 1131 AND
2 1 147 516 1132 AND
2 1 148 517 1133 XOR
2 1 149 518 1134 XOR
1 1 1133 1135 INV
1 1 1134 1136 INV
2 1 1135 1136 1137 AND
1 1 1137 1138 INV
2 1 1132 1138 1139 AND
2 1 150 519 1140 AND
2 1 151 520 1141 XOR
2 1 152 521 1142 XOR
1 1 1141 1143 INV
1 1 1142 1144 INV
2 1 1143 1144 1145 AND
1 1 1145 1146 INV
2 1 1140 1146 1147 AND
2 1 153 522 1148 AND
2 1 154 523 1149 XOR
2 1 155 524 1150 XOR
1 1 1149 1151 INV
1 1 1150 1152 INV
2 1 1151 1152 1153 AND
1 1 1153 1154 INV
2 1 1148 1154 1155 AND
2 1 156 525 1156 AND
2 1 157 526 1157 XOR
2 1 158 527 1158 XOR
1 1 1157 1159 INV
1 1 1158 1160 INV
2 1 1159 1160 1161 AND
1 1 1161 1162 INV
2 1 1156 1162 1163 AND
2 1 159 528 1164 AND
2 1 160 529 1165 XOR
2 1 161 530 1166 XOR
1 1 1165 1167 INV
1 1 1166 1168 INV
2 1 1167 1168 1169 AND
1 1 1169 1170 INV
2 1 1164 1170 1171 AND
2 1 162 531 1172 AND
2 1 163 532 1173 XOR
2 1 164 533 1174 XOR
1 1 1173 1175 INV
1 1 1174 1176 INV
2 1 1175 1176 1177 AND
1 1 1177 1178 INV
2 1 1172 1178 1179 AND
2 1 165 534 1180 AND
2 1 166 535 1181 XOR
2 1 167 536 1182 XOR
1 1 1181 1183 INV
1 1 1182 1184 INV
2 1 1183 1184 1185 AND
1 1 1185 1186 INV
2 1 1180 1186 1187 AND
2 1 168 537 1188 AND
2 1 169 538 1189 XOR
2 1 170 539 1190 XOR
1 1 1189 1191 INV
1 1 1190 1192 INV
2 1 1191 1192 1193 AND
1 1 1193 1194 INV
2 1 1188 1194 1195 AND
2 1 171 540 1196 AND
2 1 172 541 1197 XOR
2 1 173 542 1198 XOR
1 1 1197 1199 INV
1 1 1198 1200 INV
2 1 1199 1200 1201 AND
1 1 1201 1202 INV
2 1 1196 1202 1203 AND
2 1 174 543 1204 AND
2 1 175 544 1205 XOR
2 1 176 545 1206 XOR
1 1 1205 1207 INV
1 1 1206 1208 INV
2 1 1207 1208 1209 AND
1 1 1209 1210 INV
2 1 1204 1210 1211 AND
2 1 177 546 1212 AND
2 1 178 547 1213 XOR
2 1 179 548 1214 XOR
1 1 1213 1215 INV
1 1 1214 1216 INV
2 1 1215 1216 1217 AND
1 1 1217 1218 INV
2 1 1212 1218 1219 AND
2 1 180 549 1220 AND
2 1 181 550 1221 XOR
2 1 182 551 1222 XOR
1 1 1221 1223 INV
1 1 1222 1224 INV
2 1 1223 1224 1225 AND
1 1 1225 1226 INV
2 1 1220 1226 1227 AND
2 1 183 552 1228 AND
2 1 184 553 1229 XOR
2 1 185 554 1230 XOR
1 1 1229 1231 INV
1 1 1230 1232 INV
2 1 1231 1232 1233 AND
1 1 1233 1234 INV
2 1 1228 1234 1235 AND
2 1 186 555 1236 AND
2 1 187 556 1237 XOR
2 1 188 557 1238 XOR
1 1 1237 1239 INV
1 1 1238 1240 INV
2 1 1239 1240 1241 AND
1 1 1241 1242 INV
2 1 1236 1242 1243 AND
2 1 189 558 1244 AND
2 1 190 559 1245 XOR
2 1 191 560 1246 XOR
1 1 1245 1247 INV
1 1 1246 1248 INV
2 1 1247 1248 1249 AND
1 1 1249 1250 INV
2 1 1244 1250 1251 AND
2 1 192 561 1252 AND
2 1 193 562 1253 XOR
2 1 194 563 1254 XOR
1 1 1253 1255 INV
1 1 1254 1256 INV
2 1 1255 1256 1257 AND
1 1 1257 1258 INV
2 1 1252 1258 1259 AND
2 1 195 564 1260 AND
2 1 196 565 1261 XOR
2 1 197 566 1262 XOR
1 1 1261 1263 INV
1 1 1262 1264 INV
2 1 1263 1264 1265 AND
1 1 1265 1266 INV
2 1 1260 1266 1267 AND
2 1 198 567 1268 AND
2 1 199 568 1269 XOR
2 1 200 569 1270 XOR
1 1 1269 1271 INV
1 1 1270 1272 INV
2 1 1271 1272 1273 AND
1 1 1273 1274 INV
2 1 1268 1274 1275 AND
2 1 201 570 1276 AND
2 1 202 571 1277 XOR
2 1 203 572 1278 XOR
1 1 1277 1279 INV
1 1 1278 1280 INV
2 1 1279 1280 1281 AND
1 1 1281 1282 INV
2 1 1276 1282 1283 AND
2 1 204 573 1284 AND
2 1 205 574 1285 XOR
2 1 206 575 1286 XOR
1 1 1285 1287 INV
1 1 1286 1288 INV
2 1 1287 1288 1289 AND
1 1 1289 1290 INV
2 1 1284 1290 1291 AND
2 1 207 576 1292 AND
2 1 208 577 1293 XOR
2 1 209 578 1294 XOR
1 1 1293 1295 INV
1 1 1294 1296 INV
2 1 1295 1296 1297 AND
1 1 1297 1298 INV
2 1 1292 1298 1299 AND
2 1 210 579 1300 AND
2 1 211 580 1301 XOR
2 1 212 581 1302 XOR
1 1 1301 1303 INV
1 1 1302 1304 INV
2 1 1303 1304 1305 AND
1 1 1305 1306 INV
2 1 1300 1306 1307 AND
2 1 213 582 1308 AND
2 1 214 583 1309 XOR
2 1 215 584 1310 XOR
1 1 1309 1311 INV
1 1 1310 1312 INV
2 1 1311 1312 1313 AND
1 1 1313 1314 INV
2 1 1308 1314 1315 AND
2 1 216 585 1316 AND
2 1 217 586 1317 XOR
2 1 218 587 1318 XOR
1 1 1317 1319 INV
1 1 1318 1320 INV
2 1 1319 1320 1321 AND
1 1 1321 1322 INV
2 1 1316 1322 1323 AND
2 1 219 588 1324 AND
2 1 220 589 1325 XOR
2 1 221 590 1326 XOR
1 1 1325 1327 INV
1 1 1326 1328 INV
2 1 1327 1328 1329 AND
1 1 1329 1330 INV
2 1 1324 1330 1331 AND
2 1 222 591 1332 AND
2 1 223 592 1333 XOR
2 1 224 593 1334 XOR
1 1 1333 1335 INV
1 1 1334 1336 INV
2 1 1335 1336 1337 AND
1 1 1337 1338 INV
2 1 1332 1338 1339 AND
2 1 225 594 1340 AND
2 1 226 595 1341 XOR
2 1 227 596 1342 XOR
1 1 1341 1343 INV
1 1 1342 1344 INV
2 1 1343 1344 1345 AND
1 1 1345 1346 INV
2 1 1340 1346 1347 AND
2 1 228 597 1348 AND
2 1 229 598 1349 XOR
2 1 230 599 1350 XOR
1 1 1349 1351 INV
1 1 1350 1352 INV
2 1 1351 1352 1353 AND
1 1 1353 1354 INV
2 1 1348 1354 1355 AND
2 1 231 600 1356 AND
2 1 232 601 1357 XOR
2 1 233 602 1358 XOR
1 1 1357 1359 INV
1 1 1358 1360 INV
2 1 1359 1360 1361 AND
1 1 1361 1362 INV
2 1 1356 1362 1363 AND
2 1 234 603 1364 AND
2 1 235 604 1365 XOR
2 1 236 605 1366 XOR
1 1 1365 1367 INV
1 1 1366 1368 INV
2 1 1367 1368 1369 AND
1 1 1369 1370 INV
2 1 1364 1370 1371 AND
2 1 237 606 1372 AND
2 1 238 607 1373 XOR
2 1 239 608 1374 XOR
1 1 1373 1375 INV
1 1 1374 1376 INV
2 1 1375 1376 1377 AND
1 1 1377 1378 INV
2 1 1372 1378 1379 AND
2 1 240 609 1380 AND
2 1 241 610 1381 XOR
2 1 242 611 1382 XOR
1 1 1381 1383 INV
1 1 1382 1384 INV
2 1 1383 1384 1385 AND
1 1 1385 1386 INV
2 1 1380 1386 1387 AND
2 1 243 612 1388 AND
2 1 244 613 1389 XOR
2 1 245 614 1390 XOR
1 1 1389 1391 INV
1 1 1390 1392 INV
2 1 1391 1392 1393 AND
1 1 1393 1394 INV
2 1 1388 1394 1395 AND
2 1 246 615 1396 AND
2 1 247 616 1397 XOR
2 1 248 617 1398 XOR
1 1 1397 1399 INV
1 1 1398 1400 INV
2 1 1399 1400 1401 AND
1 1 1401 1402 INV
2 1 1396 1402 1403 AND
2 1 249 618 1404 AND
2 1 250 619 1405 XOR
2 1 251 620 1406 XOR
1 1 1405 1407 INV
1 1 1406 1408 INV
2 1 1407 1408 1409 AND
1 1 1409 1410 INV
2 1 1404 1410 1411 AND
2 1 252 621 1412 AND
2 1 253 622 1413 XOR
2 1 254 623 1414 XOR
1 1 1413 1415 INV
1 1 1414 1416 INV
2 1 1415 1416 1417 AND
1 1 1417 1418 INV
2 1 1412 1418 1419 AND
2 1 255 624 1420 AND
2 1 256 625 1421 XOR
2 1 257 626 1422 XOR
1 1 1421 1423 INV
1 1 1422 1424 INV
2 1 1423 1424 1425 AND
1 1 1425 1426 INV
2 1 1420 1426 1427 AND
2 1 258 627 1428 AND
2 1 259 628 1429 XOR
2 1 260 629 1430 XOR
1 1 1429 1431 INV
1 1 1430 1432 INV
2 1 1431 1432 1433 AND
1 1 1433 1434 INV
2 1 1428 1434 1435 AND
2 1 261 630 1436 AND
2 1 262 631 1437 XOR
2 1 263 632 1438 XOR
1 1 1437 1439 INV
1 1 1438 1440 INV
2 1 1439 1440 1441 AND
1 1 1441 1442 INV
2 1 1436 1442 1443 AND
2 1 264 633 1444 AND
2 1 265 634 1445 XOR
2 1 266 635 1446 XOR
1 1 1445 1447 INV
1 1 1446 1448 INV
2 1 1447 1448 1449 AND
1 1 1449 1450 INV
2 1 1444 1450 1451 AND
2 1 267 636 1452 AND
2 1 268 637 1453 XOR
2 1 269 638 1454 XOR
1 1 1453 1455 INV
1 1 1454 1456 INV
2 1 1455 1456 1457 AND
1 1 1457 1458 INV
2 1 1452 1458 1459 AND
2 1 270 639 1460 AND
2 1 271 640 1461 XOR
2 1 272 641 1462 XOR
1 1 1461 1463 INV
1 1 1462 1464 INV
2 1 1463 1464 1465 AND
1 1 1465 1466 INV
2 1 1460 1466 1467 AND
2 1 273 642 1468 AND
2 1 274 643 1469 XOR
2 1 275 644 1470 XOR
1 1 1469 1471 INV
1 1 1470 1472 INV
2 1 1471 1472 1473 AND
1 1 1473 1474 INV
2 1 1468 1474 1475 AND
2 1 276 645 1476 AND
2 1 277 646 1477 XOR
2 1 278 647 1478 XOR
1 1 1477 1479 INV
1 1 1478 1480 INV
2 1 1479 1480 1481 AND
1 1 1481 1482 INV
2 1 1476 1482 1483 AND
2 1 279 648 1484 AND
2 1 280 649 1485 XOR
2 1 281 650 1486 XOR
1 1 1485 1487 INV
1 1 1486 1488 INV
2 1 1487 1488 1489 AND
1 1 1489 1490 INV
2 1 1484 1490 1491 AND
2 1 282 651 1492 AND
2 1 283 652 1493 XOR
2 1 284 653 1494 XOR
1 1 1493 1495 INV
1 1 1494 1496 INV
2 1 1495 1496 1497 AND
1 1 1497 1498 INV
2 1 1492 1498 1499 AND
2 1 285 654 1500 AND
2 1 286 655 1501 XOR
2 1 287 656 1502 XOR
1 1 1501 1503 INV
1 1 1502 1504 INV
2 1 1503 1504 1505 AND
1 1 1505 1506 INV
2 1 1500 1506 1507 AND
2 1 288 657 1508 AND
2 1 289 658 1509 XOR
2 1 290 659 1510 XOR
1 1 1509 1511 INV
1 1 1510 1512 INV
2 1 1511 1512 1513 AND
1 1 1513 1514 INV
2 1 1508 1514 1515 AND
2 1 291 660 1516 AND
2 1 292 661 1517 XOR
2 1 293 662 1518 XOR
1 1 1517 1519 INV
1 1 1518 1520 INV
2 1 1519 1520 1521 AND
1 1 1521 1522 INV
2 1 1516 1522 1523 AND
2 1 294 663 1524 AND
2 1 295 664 1525 XOR
2 1 296 665 1526 XOR
1 1 1525 1527 INV
1 1 1526 1528 INV
2 1 1527 1528 1529 AND
1 1 1529 1530 INV
2 1 1524 1530 1531 AND
2 1 297 666 1532 AND
2 1 298 667 1533 XOR
2 1 299 668 1534 XOR
1 1 1533 1535 INV
1 1 1534 1536 INV
2 1 1535 1536 1537 AND
1 1 1537 1538 INV
2 1 1532 1538 1539 AND
2 1 300 669 1540 AND
2 1 301 670 1541 XOR
2 1 302 671 1542 XOR
1 1 1541 1543 INV
1 1 1542 1544 INV
2 1 1543 1544 1545 AND
1 1 1545 1546 INV
2 1 1540 1546 1547 AND
2 1 303 672 1548 AND
2 1 304 673 1549 XOR
2 1 305 674 1550 XOR
1 1 1549 1551 INV
1 1 1550 1552 INV
2 1 1551 1552 1553 AND
1 1 1553 1554 INV
2 1 1548 1554 1555 AND
2 1 306 675 1556 AND
2 1 307 676 1557 XOR
2 1 308 677 1558 XOR
1 1 1557 1559 INV
1 1 1558 1560 INV
2 1 1559 1560 1561 AND
1 1 1561 1562 INV
2 1 1556 1562 1563 AND
2 1 309 678 1564 AND
2 1 310 679 1565 XOR
2 1 311 680 1566 XOR
1 1 1565 1567 INV
1 1 1566 1568 INV
2 1 1567 1568 1569 AND
1 1 1569 1570 INV
2 1 1564 1570 1571 AND
2 1 312 681 1572 AND
2 1 313 682 1573 XOR
2 1 314 683 1574 XOR
1 1 1573 1575 INV
1 1 1574 1576 INV
2 1 1575 1576 1577 AND
1 1 1577 1578 INV
2 1 1572 1578 1579 AND
2 1 315 684 1580 AND
2 1 316 685 1581 XOR
2 1 317 686 1582 XOR
1 1 1581 1583 INV
1 1 1582 1584 INV
2 1 1583 1584 1585 AND
1 1 1585 1586 INV
2 1 1580 1586 1587 AND
2 1 318 687 1588 AND
2 1 319 688 1589 XOR
2 1 320 689 1590 XOR
1 1 1589 1591 INV
1 1 1590 1592 INV
2 1 1591 1592 1593 AND
1 1 1593 1594 INV
2 1 1588 1594 1595 AND
2 1 321 690 1596 AND
2 1 322 691 1597 XOR
2 1 323 692 1598 XOR
1 1 1597 1599 INV
1 1 1598 1600 INV
2 1 1599 1600 1601 AND
1 1 1601 1602 INV
2 1 1596 1602 1603 AND
2 1 324 693 1604 AND
2 1 325 694 1605 XOR
2 1 326 695 1606 XOR
1 1 1605 1607 INV
1 1 1606 1608 INV
2 1 1607 1608 1609 AND
1 1 1609 1610 INV
2 1 1604 1610 1611 AND
2 1 327 696 1612 AND
2 1 328 697 1613 XOR
2 1 329 698 1614 XOR
1 1 1613 1615 INV
1 1 1614 1616 INV
2 1 1615 1616 1617 AND
1 1 1617 1618 INV
2 1 1612 1618 1619 AND
2 1 330 699 1620 AND
2 1 331 700 1621 XOR
2 1 332 701 1622 XOR
1 1 1621 1623 INV
1 1 1622 1624 INV
2 1 1623 1624 1625 AND
1 1 1625 1626 INV
2 1 1620 1626 1627 AND
2 1 333 702 1628 AND
2 1 334 703 1629 XOR
2 1 335 704 1630 XOR
1 1 1629 1631 INV
1 1 1630 1632 INV
2 1 1631 1632 1633 AND
1 1 1633 1634 INV
2 1 1628 1634 1635 AND
2 1 336 705 1636 AND
2 1 337 706 1637 XOR
2 1 338 707 1638 XOR
1 1 1637 1639 INV
1 1 1638 1640 INV
2 1 1639 1640 1641 AND
1 1 1641 1642 INV
2 1 1636 1642 1643 AND
2 1 339 708 1644 AND
2 1 340 709 1645 XOR
2 1 341 710 1646 XOR
1 1 1645 1647 INV
1 1 1646 1648 INV
2 1 1647 1648 1649 AND
1 1 1649 1650 INV
2 1 1644 1650 1651 AND
2 1 342 711 1652 AND
2 1 343 712 1653 XOR
2 1 344 713 1654 XOR
1 1 1653 1655 INV
1 1 1654 1656 INV
2 1 1655 1656 1657 AND
1 1 1657 1658 INV
2 1 1652 1658 1659 AND
2 1 345 714 1660 AND
2 1 346 715 1661 XOR
2 1 347 716 1662 XOR
1 1 1661 1663 INV
1 1 1662 1664 INV
2 1 1663 1664 1665 AND
1 1 1665 1666 INV
2 1 1660 1666 1667 AND
2 1 348 717 1668 AND
2 1 349 718 1669 XOR
2 1 350 719 1670 XOR
1 1 1669 1671 INV
1 1 1670 1672 INV
2 1 1671 1672 1673 AND
1 1 1673 1674 INV
2 1 1668 1674 1675 AND
2 1 351 720 1676 AND
2 1 352 721 1677 XOR
2 1 353 722 1678 XOR
1 1 1677 1679 INV
1 1 1678 1680 INV
2 1 1679 1680 1681 AND
1 1 1681 1682 INV
2 1 1676 1682 1683 AND
2 1 354 723 1684 AND
2 1 355 724 1685 XOR
2 1 356 725 1686 XOR
1 1 1685 1687 INV
1 1 1686 1688 INV
2 1 1687 1688 1689 AND
1 1 1689 1690 INV
2 1 1684 1690 1691 AND
2 1 357 726 1692 AND
2 1 358 727 1693 XOR
2 1 359 728 1694 XOR
1 1 1693 1695 INV
1 1 1694 1696 INV
2 1 1695 1696 1697 AND
1 1 1697 1698 INV
2 1 1692 1698 1699 AND
2 1 360 729 1700 AND
2 1 361 730 1701 XOR
2 1 362 731 1702 XOR
1 1 1701 1703 INV
1 1 1702 1704 INV
2 1 1703 1704 1705 AND
1 1 1705 1706 INV
2 1 1700 1706 1707 AND
2 1 363 732 1708 AND
2 1 364 733 1709 XOR
2 1 365 734 1710 XOR
1 1 1709 1711 INV
1 1 1710 1712 INV
2 1 1711 1712 1713 AND
1 1 1713 1714 INV
2 1 1708 1714 1715 AND
2 1 366 735 1716 AND
2 1 367 736 1717 XOR
2 1 368 737 1718 XOR
1 1 1717 1719 INV
1 1 1718 1720 INV
2 1 1719 1720 1721 AND
1 1 1721 1722 INV
2 1 1716 1722 1723 AND
2 1 739 739 1724 AND
2 1 739 739 1725 XOR
2 1 739 739 1726 XOR
1 1 1725 1727 INV
1 1 1726 1728 INV
2 1 1727 1728 1729 AND
1 1 1729 1730 INV
2 1 1724 1730 1731 AND
2 1 739 739 1732 AND
2 1 739 739 1733 XOR
2 1 739 739 1734 XOR
1 1 1733 1735 INV
1 1 1734 1736 INV
2 1 1735 1736 1737 AND
1 1 1737 1738 INV
2 1 1732 1738 1739 AND
2 1 739 739 1740 AND
2 1 739 739 1741 XOR
2 1 739 739 1742 XOR
1 1 1741 1743 INV
1 1 1742 1744 INV
2 1 1743 1744 1745 AND
1 1 1745 1746 INV
2 1 1740 1746 1747 AND
2 1 739 739 1748 AND
2 1 739 739 1749 XOR
2 1 739 739 1750 XOR
1 1 1749 1751 INV
1 1 1750 1752 INV
2 1 1751 1752 1753 AND
1 1 1753 1754 INV
2 1 1748 1754 1755 AND
2 1 739 739 1756 AND
2 1 739 739 1757 XOR
2 1 739 739 1758 XOR
1 1 1757 1759 INV
1 1 1758 1760 INV
2 1 1759 1760 1761 AND
1 1 1761 1762 INV
2 1 1756 1762 1763 AND
2 1 747 755 1764 AND
2 1 747 755 1765 XOR
2 1 763 771 1766 AND
2 1 763 771 1767 XOR
2 1 779 787 1768 AND
2 1 779 787 1769 XOR
2 1 795 803 1770 AND
2 1 795 803 1771 XOR
2 1 811 819 1772 AND
2 1 811 819 1773 XOR
2 1 827 835 1774 AND
2 1 827 835 1775 XOR
2 1 843 851 1776 AND
2 1 843 851 1777 XOR
2 1 859 867 1778 AND
2 1 859 867 1779 XOR
2 1 875 883 1780 AND
2 1 875 883 1781 XOR
2 1 891 899 1782 AND
2 1 891 899 1783 XOR
2 1 907 915 1784 AND
2 1 907 915 1785 XOR
2 1 923 931 1786 AND
2 1 923 931 1787 XOR
2 1 939 947 1788 AND
2 1 939 947 1789 XOR
2 1 955 963 1790 AND
2 1 955 963 1791 XOR
2 1 971 979 1792 AND
2 1 971 979 1793 XOR
2 1 987 995 1794 AND
2 1 987 995 1795 XOR
2 1 1003 1011 1796 AND
2 1 1003 1011 1797 XOR
2 1 1019 1027 1798 AND
2 1 1019 1027 1799 XOR
2 1 1035 1043 1800 AND
2 1 1035 1043 1801 XOR
2 1 1051 1059 1802 AND
2 1 1051 1059 1803 XOR
2 1 1067 1075 1804 AND
2 1 1067 1075 1805 XOR
2 1 1083 1091 1806 AND
2 1 1083 1091 1807 XOR
2 1 1099 1107 1808 AND
2 1 1099 1107 1809 XOR
2 1 1115 1123 1810 AND
2 1 1115 1123 1811 XOR
2 1 1131 1139 1812 AND
2 1 1131 1139 1813 XOR
2 1 1147 1155 1814 AND
2 1 1147 1155 1815 XOR
2 1 1163 1171 1816 AND
2 1 1163 1171 1817 XOR
2 1 1179 1187 1818 AND
2 1 1179 1187 1819 XOR
2 1 1195 1203 1820 AND
2 1 1195 1203 1821 XOR
2 1 1211 1219 1822 AND
2 1 1211 1219 1823 XOR
2 1 1227 1235 1824 AND
2 1 1227 1235 1825 XOR
2 1 1243 1251 1826 AND
2 1 1243 1251 1827 XOR
2 1 1259 1267 1828 AND
2 1 1259 1267 1829 XOR
2 1 1275 1283 1830 AND
2 1 1275 1283 1831 XOR
2 1 1291 1299 1832 AND
2 1 1291 1299 1833 XOR
2 1 1307 1315 1834 AND
2 1 1307 1315 1835 XOR
2 1 1323 1331 1836 AND
2 1 1323 1331 1837 XOR
2 1 1339 1347 1838 AND
2 1 1339 1347 1839 XOR
2 1 1355 1363 1840 AND
2 1 1355 1363 1841 XOR
2 1 1371 1379 1842 AND
2 1 1371 1379 1843 XOR
2 1 1387 1395 1844 AND
2 1 1387 1395 1845 XOR
2 1 1403 1411 1846 AND
2 1 1403 1411 1847 XOR
2 1 1419 1427 1848 AND
2 1 1419 1427 1849 XOR
2 1 1435 1443 1850 AND
2 1 1435 1443 1851 XOR
2 1 1451 1459 1852 AND
2 1 1451 1459 1853 XOR
2 1 1467 1475 1854 AND
2 1 1467 1475 1855 XOR
2 1 1483 1491 1856 AND
2 1 1483 1491 1857 XOR
2 1 1499 1507 1858 AND
2 1 1499 1507 1859 XOR
2 1 1515 1523 1860 AND
2 1 1515 1523 1861 XOR
2 1 1531 1539 1862 AND
2 1 1531 1539 1863 XOR
2 1 1547 1555 1864 AND
2 1 1547 1555 1865 XOR
2 1 1563 1571 1866 AND
2 1 1563 1571 1867 XOR
2 1 1579 1587 1868 AND
2 1 1579 1587 1869 XOR
2 1 1595 1603 1870 AND
2 1 1595 1603 1871 XOR
2 1 1611 1619 1872 AND
2 1 1611 1619 1873 XOR
2 1 1627 1635 1874 AND
2 1 1627 1635 1875 XOR
2 1 1643 1651 1876 AND
2 1 1643 1651 1877 XOR
2 1 1659 1667 1878 AND
2 1 1659 1667 1879 XOR
2 1 1675 1683 1880 AND
2 1 1675 1683 1881 XOR
2 1 1691 1699 1882 AND
2 1 1691 1699 1883 XOR
2 1 1707 1715 1884 AND
2 1 1707 1715 1885 XOR
2 1 1723 1731 1886 AND
2 1 1723 1731 1887 XOR
2 1 1739 1747 1888 AND
2 1 1739 1747 1889 XOR
2 1 1755 1763 1890 AND
2 1 1755 1763 1891 XOR
2 1 1765 1767 1892 XOR
2 1 1765 1767 1893 AND
1 1 1893 1894 INV
2 1 739 1892 1895 AND
1 1 1895 1896 INV
2 1 1894 1896 1897 AND
1 1 1897 1898 INV
2 1 739 1892 1899 XOR
2 1 1764 1766 1900 XOR
2 1 1764 1766 1901 AND
1 1 1901 1902 INV
2 1 1898 1900 1903 AND
1 1 1903 1904 INV
2 1 1902 1904 1905 AND
1 1 1905 1906 INV
2 1 1898 1900 1907 XOR
2 1 1769 1771 1908 XOR
2 1 1769 1771 1909 AND
1 1 1909 1910 INV
2 1 739 1908 1911 AND
1 1 1911 1912 INV
2 1 1910 1912 1913 AND
1 1 1913 1914 INV
2 1 739 1908 1915 XOR
2 1 1768 1770 1916 XOR
2 1 1768 1770 1917 AND
1 1 1917 1918 INV
2 1 1914 1916 1919 AND
1 1 1919 1920 INV
2 1 1918 1920 1921 AND
1 1 1921 1922 INV
2 1 1914 1916 1923 XOR
2 1 1773 1775 1924 XOR
2 1 1773 1775 1925 AND
1 1 1925 1926 INV
2 1 739 1924 1927 AND
1 1 1927 1928 INV
2 1 1926 1928 1929 AND
1 1 1929 1930 INV
2 1 739 1924 1931 XOR
2 1 1772 1774 1932 XOR
2 1 1772 1774 1933 AND
1 1 1933 1934 INV
2 1 1930 1932 1935 AND
1 1 1935 1936 INV
2 1 1934 1936 1937 AND
1 1 1937 1938 INV
2 1 1930 1932 1939 XOR
2 1 1777 1779 1940 XOR
2 1 1777 1779 1941 AND
1 1 1941 1942 INV
2 1 739 1940 1943 AND
1 1 1943 1944 INV
2 1 1942 1944 1945 AND
1 1 1945 1946 INV
2 1 739 1940 1947 XOR
2 1 1776 1778 1948 XOR
2 1 1776 1778 1949 AND
1 1 1949 1950 INV
2 1 1946 1948 1951 AND
1 1 1951 1952 INV
2 1 1950 1952 1953 AND
1 1 1953 1954 INV
2 1 1946 1948 1955 XOR
2 1 1781 1783 1956 XOR
2 1 1781 1783 1957 AND
1 1 1957 1958 INV
2 1 739 1956 1959 AND
1 1 1959 1960 INV
2 1 1958 1960 1961 AND
1 1 1961 1962 INV
2 1 739 1956 1963 XOR
2 1 1780 1782 1964 XOR
2 1 1780 1782 1965 AND
1 1 1965 1966 INV
2 1 1962 1964 1967 AND
1 1 1967 1968 INV
2 1 1966 1968 1969 AND
1 1 1969 1970 INV
2 1 1962 1964 1971 XOR
2 1 1785 1787 1972 XOR
2 1 1785 1787 1973 AND
1 1 1973 1974 INV
2 1 739 1972 1975 AND
1 1 1975 1976 INV
2 1 1974 1976 1977 AND
1 1 1977 1978 INV
2 1 739 1972 1979 XOR
2 1 1784 1786 1980 XOR
2 1 1784 1786 1981 AND
1 1 1981 1982 INV
2 1 1978 1980 1983 AND
1 1 1983 1984 INV
2 1 1982 1984 1985 AND
1 1 1985 1986 INV
2 1 1978 1980 1987 XOR
2 1 1789 1791 1988 XOR
2 1 1789 1791 1989 AND
1 1 1989 1990 INV
2 1 739 1988 1991 AND
1 1 1991 1992 INV
2 1 1990 1992 1993 AND
1 1 1993 1994 INV
2 1 739 1988 1995 XOR
2 1 1788 1790 1996 XOR
2 1 1788 1790 1997 AND
1 1 1997 1998 INV
2 1 1994 1996 1999 AND
1 1 1999 2000 INV
2 1 1998 2000 2001 AND
1 1 2001 2002 INV
2 1 1994 1996 2003 XOR
2 1 1793 1795 2004 XOR
2 1 1793 1795 2005 AND
1 1 2005 2006 INV
2 1 739 2004 2007 AND
1 1 2007 2008 INV
2 1 2006 2008 2009 AND
1 1 2009 2010 INV
2 1 739 2004 2011 XOR
2 1 1792 1794 2012 XOR
2 1 1792 1794 2013 AND
1 1 2013 2014 INV
2 1 2010 2012 2015 AND
1 1 2015 2016 INV
2 1 2014 2016 2017 AND
1 1 2017 2018 INV
2 1 2010 2012 2019 XOR
2 1 1797 1799 2020 XOR
2 1 1797 1799 2021 AND
1 1 2021 2022 INV
2 1 739 2020 2023 AND
1 1 2023 2024 INV
2 1 2022 2024 2025 AND
1 1 2025 2026 INV
2 1 739 2020 2027 XOR
2 1 1796 1798 2028 XOR
2 1 1796 1798 2029 AND
1 1 2029 2030 INV
2 1 2026 2028 2031 AND
1 1 2031 2032 INV
2 1 2030 2032 2033 AND
1 1 2033 2034 INV
2 1 2026 2028 2035 XOR
2 1 1801 1803 2036 XOR
2 1 1801 1803 2037 AND
1 1 2037 2038 INV
2 1 739 2036 2039 AND
1 1 2039 2040 INV
2 1 2038 2040 2041 AND
1 1 2041 2042 INV
2 1 739 2036 2043 XOR
2 1 1800 1802 2044 XOR
2 1 1800 1802 2045 AND
1 1 2045 2046 INV
2 1 2042 2044 2047 AND
1 1 2047 2048 INV
2 1 2046 2048 2049 AND
1 1 2049 2050 INV
2 1 2042 2044 2051 XOR
2 1 1805 1807 2052 XOR
2 1 1805 1807 2053 AND
1 1 2053 2054 INV
2 1 739 2052 2055 AND
1 1 2055 2056 INV
2 1 2054 2056 2057 AND
1 1 2057 2058 INV
2 1 739 2052 2059 XOR
2 1 1804 1806 2060 XOR
2 1 1804 1806 2061 AND
1 1 2061 2062 INV
2 1 2058 2060 2063 AND
1 1 2063 2064 INV
2 1 2062 2064 2065 AND
1 1 2065 2066 INV
2 1 2058 2060 2067 XOR
2 1 1809 1811 2068 XOR
2 1 1809 1811 2069 AND
1 1 2069 2070 INV
2 1 739 2068 2071 AND
1 1 2071 2072 INV
2 1 2070 2072 2073 AND
1 1 2073 2074 INV
2 1 739 2068 2075 XOR
2 1 1808 1810 2076 XOR
2 1 1808 1810 2077 AND
1 1 2077 2078 INV
2 1 2074 2076 2079 AND
1 1 2079 2080 INV
2 1 2078 2080 2081 AND
1 1 2081 2082 INV
2 1 2074 2076 2083 XOR
2 1 1813 1815 2084 XOR
2 1 1813 1815 2085 AND
1 1 2085 2086 INV
2 1 739 2084 2087 AND
1 1 2087 2088 INV
2 1 2086 2088 2089 AND
1 1 2089 2090 INV
2 1 739 2084 2091 XOR
2 1 1812 1814 2092 XOR
2 1 1812 1814 2093 AND
1 1 2093 2094 INV
2 1 2090 2092 2095 AND
1 1 2095 2096 INV
2 1 2094 2096 2097 AND
1 1 2097 2098 INV
2 1 2090 2092 2099 XOR
2 1 1817 1819 2100 XOR
2 1 1817 1819 2101 AND
1 1 2101 2102 INV
2 1 739 2100 2103 AND
1 1 2103 2104 INV
2 1 2102 2104 2105 AND
1 1 2105 2106 INV
2 1 739 2100 2107 XOR
2 1 1816 1818 2108 XOR
2 1 1816 1818 2109 AND
1 1 2109 2110 INV
2 1 2106 2108 2111 AND
1 1 2111 2112 INV
2 1 2110 2112 2113 AND
1 1 2113 2114 INV
2 1 2106 2108 2115 XOR
2 1 1821 1823 2116 XOR
2 1 1821 1823 2117 AND
1 1 2117 2118 INV
2 1 739 2116 2119 AND
1 1 2119 2120 INV
2 1 2118 2120 2121 AND
1 1 2121 2122 INV
2 1 739 2116 2123 XOR
2 1 1820 1822 2124 XOR
2 1 1820 1822 2125 AND
1 1 2125 2126 INV
2 1 2122 2124 2127 AND
1 1 2127 2128 INV
2 1 2126 2128 2129 AND
1 1 2129 2130 INV
2 1 2122 2124 2131 XOR
2 1 1825 1827 2132 XOR
2 1 1825 1827 2133 AND
1 1 2133 2134 INV
2 1 739 2132 2135 AND
1 1 2135 2136 INV
2 1 2134 2136 2137 AND
1 1 2137 2138 INV
2 1 739 2132 2139 XOR
2 1 1824 1826 2140 XOR
2 1 1824 1826 2141 AND
1 1 2141 2142 INV
2 1 2138 2140 2143 AND
1 1 2143 2144 INV
2 1 2142 2144 2145 AND
1 1 2145 2146 INV
2 1 2138 2140 2147 XOR
2 1 1829 1831 2148 XOR
2 1 1829 1831 2149 AND
1 1 2149 2150 INV
2 1 739 2148 2151 AND
1 1 2151 2152 INV
2 1 2150 2152 2153 AND
1 1 2153 2154 INV
2 1 739 2148 2155 XOR
2 1 1828 1830 2156 XOR
2 1 1828 1830 2157 AND
1 1 2157 2158 INV
2 1 2154 2156 2159 AND
1 1 2159 2160 INV
2 1 2158 2160 2161 AND
1 1 2161 2162 INV
2 1 2154 2156 2163 XOR
2 1 1833 1835 2164 XOR
2 1 1833 1835 2165 AND
1 1 2165 2166 INV
2 1 739 2164 2167 AND
1 1 2167 2168 INV
2 1 2166 2168 2169 AND
1 1 2169 2170 INV
2 1 739 2164 2171 XOR
2 1 1832 1834 2172 XOR
2 1 1832 1834 2173 AND
1 1 2173 2174 INV
2 1 2170 2172 2175 AND
1 1 2175 2176 INV
2 1 2174 2176 2177 AND
1 1 2177 2178 INV
2 1 2170 2172 2179 XOR
2 1 1837 1839 2180 XOR
2 1 1837 1839 2181 AND
1 1 2181 2182 INV
2 1 739 2180 2183 AND
1 1 2183 2184 INV
2 1 2182 2184 2185 AND
1 1 2185 2186 INV
2 1 739 2180 2187 XOR
2 1 1836 1838 2188 XOR
2 1 1836 1838 2189 AND
1 1 2189 2190 INV
2 1 2186 2188 2191 AND
1 1 2191 2192 INV
2 1 2190 2192 2193 AND
1 1 2193 2194 INV
2 1 2186 2188 2195 XOR
2 1 1841 1843 2196 XOR
2 1 1841 1843 2197 AND
1 1 2197 2198 INV
2 1 739 2196 2199 AND
1 1 2199 2200 INV
2 1 2198 2200 2201 AND
1 1 2201 2202 INV
2 1 739 2196 2203 XOR
2 1 1840 1842 2204 XOR
2 1 1840 1842 2205 AND
1 1 2205 2206 INV
2 1 2202 2204 2207 AND
1 1 2207 2208 INV
2 1 2206 2208 2209 AND
1 1 2209 2210 INV
2 1 2202 2204 2211 XOR
2 1 1845 1847 2212 XOR
2 1 1845 1847 2213 AND
1 1 2213 2214 INV
2 1 739 2212 2215 AND
1 1 2215 2216 INV
2 1 2214 2216 2217 AND
1 1 2217 2218 INV
2 1 739 2212 2219 XOR
2 1 1844 1846 2220 XOR
2 1 1844 1846 2221 AND
1 1 2221 2222 INV
2 1 2218 2220 2223 AND
1 1 2223 2224 INV
2 1 2222 2224 2225 AND
1 1 2225 2226 INV
2 1 2218 2220 2227 XOR
2 1 1849 1851 2228 XOR
2 1 1849 1851 2229 AND
1 1 2229 2230 INV
2 1 739 2228 2231 AND
1 1 2231 2232 INV
2 1 2230 2232 2233 AND
1 1 2233 2234 INV
2 1 739 2228 2235 XOR
2 1 1848 1850 2236 XOR
2 1 1848 1850 2237 AND
1 1 2237 2238 INV
2 1 2234 2236 2239 AND
1 1 2239 2240 INV
2 1 2238 2240 2241 AND
1 1 2241 2242 INV
2 1 2234 2236 2243 XOR
2 1 1853 1855 2244 XOR
2 1 1853 1855 2245 AND
1 1 2245 2246 INV
2 1 739 2244 2247 AND
1 1 2247 2248 INV
2 1 2246 2248 2249 AND
1 1 2249 2250 INV
2 1 739 2244 2251 XOR
2 1 1852 1854 2252 XOR
2 1 1852 1854 2253 AND
1 1 2253 2254 INV
2 1 2250 2252 2255 AND
1 1 2255 2256 INV
2 1 2254 2256 2257 AND
1 1 2257 2258 INV
2 1 2250 2252 2259 XOR
2 1 1857 1859 2260 XOR
2 1 1857 1859 2261 AND
1 1 2261 2262 INV
2 1 739 2260 2263 AND
1 1 2263 2264 INV
2 1 2262 2264 2265 AND
1 1 2265 2266 INV
2 1 739 2260 2267 XOR
2 1 1856 1858 2268 XOR
2 1 1856 1858 2269 AND
1 1 2269 2270 INV
2 1 2266 2268 2271 AND
1 1 2271 2272 INV
2 1 2270 2272 2273 AND
1 1 2273 2274 INV
2 1 2266 2268 2275 XOR
2 1 1861 1863 2276 XOR
2 1 1861 1863 2277 AND
1 1 2277 2278 INV
2 1 739 2276 2279 AND
1 1 2279 2280 INV
2 1 2278 2280 2281 AND
1 1 2281 2282 INV
2 1 739 2276 2283 XOR
2 1 1860 1862 2284 XOR
2 1 1860 1862 2285 AND
1 1 2285 2286 INV
2 1 2282 2284 2287 AND
1 1 2287 2288 INV
2 1 2286 2288 2289 AND
1 1 2289 2290 INV
2 1 2282 2284 2291 XOR
2 1 1865 1867 2292 XOR
2 1 1865 1867 2293 AND
1 1 2293 2294 INV
2 1 739 2292 2295 AND
1 1 2295 2296 INV
2 1 2294 2296 2297 AND
1 1 2297 2298 INV
2 1 739 2292 2299 XOR
2 1 1864 1866 2300 XOR
2 1 1864 1866 2301 AND
1 1 2301 2302 INV
2 1 2298 2300 2303 AND
1 1 2303 2304 INV
2 1 2302 2304 2305 AND
1 1 2305 2306 INV
2 1 2298 2300 2307 XOR
2 1 1869 1871 2308 XOR
2 1 1869 1871 2309 AND
1 1 2309 2310 INV
2 1 739 2308 2311 AND
1 1 2311 2312 INV
2 1 2310 2312 2313 AND
1 1 2313 2314 INV
2 1 739 2308 2315 XOR
2 1 1868 1870 2316 XOR
2 1 1868 1870 2317 AND
1 1 2317 2318 INV
2 1 2314 2316 2319 AND
1 1 2319 2320 INV
2 1 2318 2320 2321 AND
1 1 2321 2322 INV
2 1 2314 2316 2323 XOR
2 1 1873 1875 2324 XOR
2 1 1873 1875 2325 AND
1 1 2325 2326 INV
2 1 739 2324 2327 AND
1 1 2327 2328 INV
2 1 2326 2328 2329 AND
1 1 2329 2330 INV
2 1 739 2324 2331 XOR
2 1 1872 1874 2332 XOR
2 1 1872 1874 2333 AND
1 1 2333 2334 INV
2 1 2330 2332 2335 AND
1 1 2335 2336 INV
2 1 2334 2336 2337 AND
1 1 2337 2338 INV
2 1 2330 2332 2339 XOR
2 1 1877 1879 2340 XOR
2 1 1877 1879 2341 AND
1 1 2341 2342 INV
2 1 739 2340 2343 AND
1 1 2343 2344 INV
2 1 2342 2344 2345 AND
1 1 2345 2346 INV
2 1 739 2340 2347 XOR
2 1 1876 1878 2348 XOR
2 1 1876 1878 2349 AND
1 1 2349 2350 INV
2 1 2346 2348 2351 AND
1 1 2351 2352 INV
2 1 2350 2352 2353 AND
1 1 2353 2354 INV
2 1 2346 2348 2355 XOR
2 1 1881 1883 2356 XOR
2 1 1881 1883 2357 AND
1 1 2357 2358 INV
2 1 739 2356 2359 AND
1 1 2359 2360 INV
2 1 2358 2360 2361 AND
1 1 2361 2362 INV
2 1 739 2356 2363 XOR
2 1 1880 1882 2364 XOR
2 1 1880 1882 2365 AND
1 1 2365 2366 INV
2 1 2362 2364 2367 AND
1 1 2367 2368 INV
2 1 2366 2368 2369 AND
1 1 2369 2370 INV
2 1 2362 2364 2371 XOR
2 1 1885 1887 2372 XOR
2 1 1885 1887 2373 AND
1 1 2373 2374 INV
2 1 739 2372 2375 AND
1 1 2375 2376 INV
2 1 2374 2376 2377 AND
1 1 2377 2378 INV
2 1 739 2372 2379 XOR
2 1 1884 1886 2380 XOR
2 1 1884 1886 2381 AND
1 1 2381 2382 INV
2 1 2378 2380 2383 AND
1 1 2383 2384 INV
2 1 2382 2384 2385 AND
1 1 2385 2386 INV
2 1 2378 2380 2387 XOR
2 1 1889 1891 2388 XOR
2 1 1889 1891 2389 AND
1 1 2389 2390 INV
2 1 739 2388 2391 AND
1 1 2391 2392 INV
2 1 2390 2392 2393 AND
1 1 2393 2394 INV
2 1 739 2388 2395 XOR
2 1 1888 1890 2396 XOR
2 1 1888 1890 2397 AND
1 1 2397 2398 INV
2 1 2394 2396 2399 AND
1 1 2399 2400 INV
2 1 2398 2400 2401 AND
1 1 2401 2402 INV
2 1 2394 2396 2403 XOR
2 1 1899 1915 2404 XOR
2 1 1899 1915 2405 AND
1 1 2405 2406 INV
2 1 739 2404 2407 AND
1 1 2407 2408 INV
2 1 2406 2408 2409 AND
1 1 2409 2410 INV
2 1 739 2404 2411 XOR
2 1 1907 1923 2412 XOR
2 1 1907 1923 2413 AND
1 1 2413 2414 INV
2 1 2410 2412 2415 AND
1 1 2415 2416 INV
2 1 2414 2416 2417 AND
1 1 2417 2418 INV
2 1 2410 2412 2419 XOR
2 1 1906 1922 2420 XOR
2 1 1906 1922 2421 AND
1 1 2421 2422 INV
2 1 2418 2420 2423 AND
1 1 2423 2424 INV
2 1 2422 2424 2425 AND
1 1 2425 2426 INV
2 1 2418 2420 2427 XOR
2 1 1931 1947 2428 XOR
2 1 1931 1947 2429 AND
1 1 2429 2430 INV
2 1 739 2428 2431 AND
1 1 2431 2432 INV
2 1 2430 2432 2433 AND
1 1 2433 2434 INV
2 1 739 2428 2435 XOR
2 1 1939 1955 2436 XOR
2 1 1939 1955 2437 AND
1 1 2437 2438 INV
2 1 2434 2436 2439 AND
1 1 2439 2440 INV
2 1 2438 2440 2441 AND
1 1 2441 2442 INV
2 1 2434 2436 2443 XOR
2 1 1938 1954 2444 XOR
2 1 1938 1954 2445 AND
1 1 2445 2446 INV
2 1 2442 2444 2447 AND
1 1 2447 2448 INV
2 1 2446 2448 2449 AND
1 1 2449 2450 INV
2 1 2442 2444 2451 XOR
2 1 1963 1979 2452 XOR
2 1 1963 1979 2453 AND
1 1 2453 2454 INV
2 1 739 2452 2455 AND
1 1 2455 2456 INV
2 1 2454 2456 2457 AND
1 1 2457 2458 INV
2 1 739 2452 2459 XOR
2 1 1971 1987 2460 XOR
2 1 1971 1987 2461 AND
1 1 2461 2462 INV
2 1 2458 2460 2463 AND
1 1 2463 2464 INV
2 1 2462 2464 2465 AND
1 1 2465 2466 INV
2 1 2458 2460 2467 XOR
2 1 1970 1986 2468 XOR
2 1 1970 1986 2469 AND
1 1 2469 2470 INV
2 1 2466 2468 2471 AND
1 1 2471 2472 INV
2 1 2470 2472 2473 AND
1 1 2473 2474 INV
2 1 2466 2468 2475 XOR
2 1 1995 2011 2476 XOR
2 1 1995 2011 2477 AND
1 1 2477 2478 INV
2 1 739 2476 2479 AND
1 1 2479 2480 INV
2 1 2478 2480 2481 AND
1 1 2481 2482 INV
2 1 739 2476 2483 XOR
2 1 2003 2019 2484 XOR
2 1 2003 2019 2485 AND
1 1 2485 2486 INV
2 1 2482 2484 2487 AND
1 1 2487 2488 INV
2 1 2486 2488 2489 AND
1 1 2489 2490 INV
2 1 2482 2484 2491 XOR
2 1 2002 2018 2492 XOR
2 1 2002 2018 2493 AND
1 1 2493 2494 INV
2 1 2490 2492 2495 AND
1 1 2495 2496 INV
2 1 2494 2496 2497 AND
1 1 2497 2498 INV
2 1 2490 2492 2499 XOR
2 1 2027 2043 2500 XOR
2 1 2027 2043 2501 AND
1 1 2501 2502 INV
2 1 739 2500 2503 AND
1 1 2503 2504 INV
2 1 2502 2504 2505 AND
1 1 2505 2506 INV
2 1 739 2500 2507 XOR
2 1 2035 2051 2508 XOR
2 1 2035 2051 2509 AND
1 1 2509 2510 INV
2 1 2506 2508 2511 AND
1 1 2511 2512 INV
2 1 2510 2512 2513 AND
1 1 2513 2514 INV
2 1 2506 2508 2515 XOR
2 1 2034 2050 2516 XOR
2 1 2034 2050 2517 AND
1 1 2517 2518 INV
2 1 2514 2516 2519 AND
1 1 2519 2520 INV
2 1 2518 2520 2521 AND
1 1 2521 2522 INV
2 1 2514 2516 2523 XOR
2 1 2059 2075 2524 XOR
2 1 2059 2075 2525 AND
1 1 2525 2526 INV
2 1 739 2524 2527 AND
1 1 2527 2528 INV
2 1 2526 2528 2529 AND
1 1 2529 2530 INV
2 1 739 2524 2531 XOR
2 1 2067 2083 2532 XOR
2 1 2067 2083 2533 AND
1 1 2533 2534 INV
2 1 2530 2532 2535 AND
1 1 2535 2536 INV
2 1 2534 2536 2537 AND
1 1 2537 2538 INV
2 1 2530 2532 2539 XOR
2 1 2066 2082 2540 XOR
2 1 2066 2082 2541 AND
1 1 2541 2542 INV
2 1 2538 2540 2543 AND
1 1 2543 2544 INV
2 1 2542 2544 2545 AND
1 1 2545 2546 INV
2 1 2538 2540 2547 XOR
2 1 2091 2107 2548 XOR
2 1 2091 2107 2549 AND
1 1 2549 2550 INV
2 1 739 2548 2551 AND
1 1 2551 2552 INV
2 1 2550 2552 2553 AND
1 1 2553 2554 INV
2 1 739 2548 2555 XOR
2 1 2099 2115 2556 XOR
2 1 2099 2115 2557 AND
1 1 2557 2558 INV
2 1 2554 2556 2559 AND
1 1 2559 2560 INV
2 1 2558 2560 2561 AND
1 1 2561 2562 INV
2 1 2554 2556 2563 XOR
2 1 2098 2114 2564 XOR
2 1 2098 2114 2565 AND
1 1 2565 2566 INV
2 1 2562 2564 2567 AND
1 1 2567 2568 INV
2 1 2566 2568 2569 AND
1 1 2569 2570 INV
2 1 2562 2564 2571 XOR
2 1 2123 2139 2572 XOR
2 1 2123 2139 2573 AND
1 1 2573 2574 INV
2 1 739 2572 2575 AND
1 1 2575 2576 INV
2 1 2574 2576 2577 AND
1 1 2577 2578 INV
2 1 739 2572 2579 XOR
2 1 2131 2147 2580 XOR
2 1 2131 2147 2581 AND
1 1 2581 2582 INV
2 1 2578 2580 2583 AND
1 1 2583 2584 INV
2 1 2582 2584 2585 AND
1 1 2585 2586 INV
2 1 2578 2580 2587 XOR
2 1 2130 2146 2588 XOR
2 1 2130 2146 2589 AND
1 1 2589 2590 INV
2 1 2586 2588 2591 AND
1 1 2591 2592 INV
2 1 2590 2592 2593 AND
1 1 2593 2594 INV
2 1 2586 2588 2595 XOR
2 1 2155 2171 2596 XOR
2 1 2155 2171 2597 AND
1 1 2597 2598 INV
2 1 739 2596 2599 AND
1 1 2599 2600 INV
2 1 2598 2600 2601 AND
1 1 2601 2602 INV
2 1 739 2596 2603 XOR
2 1 2163 2179 2604 XOR
2 1 2163 2179 2605 AND
1 1 2605 2606 INV
2 1 2602 2604 2607 AND
1 1 2607 2608 INV
2 1 2606 2608 2609 AND
1 1 2609 2610 INV
2 1 2602 2604 2611 XOR
2 1 2162 2178 2612 XOR
2 1 2162 2178 2613 AND
1 1 2613 2614 INV
2 1 2610 2612 2615 AND
1 1 2615 2616 INV
2 1 2614 2616 2617 AND
1 1 2617 2618 INV
2 1 2610 2612 2619 XOR
2 1 2187 2203 2620 XOR
2 1 2187 2203 2621 AND
1 1 2621 2622 INV
2 1 739 2620 2623 AND
1 1 2623 2624 INV
2 1 2622 2624 2625 AND
1 1 2625 2626 INV
2 1 739 2620 2627 XOR
2 1 2195 2211 2628 XOR
2 1 2195 2211 2629 AND
1 1 2629 2630 INV
2 1 2626 2628 2631 AND
1 1 2631 2632 INV
2 1 2630 2632 2633 AND
1 1 2633 2634 INV
2 1 2626 2628 2635 XOR
2 1 2194 2210 2636 XOR
2 1 2194 2210 2637 AND
1 1 2637 2638 INV
2 1 2634 2636 2639 AND
1 1 2639 2640 INV
2 1 2638 2640 2641 AND
1 1 2641 2642 INV
2 1 2634 2636 2643 XOR
2 1 2219 2235 2644 XOR
2 1 2219 2235 2645 AND
1 1 2645 2646 INV
2 1 739 2644 2647 AND
1 1 2647 2648 INV
2 1 2646 2648 2649 AND
1 1 2649 2650 INV
2 1 739 2644 2651 XOR
2 1 2227 2243 2652 XOR
2 1 2227 2243 2653 AND
1 1 2653 2654 INV
2 1 2650 2652 2655 AND
1 1 2655 2656 INV
2 1 2654 2656 2657 AND
1 1 2657 2658 INV
2 1 2650 2652 2659 XOR
2 1 2226 2242 2660 XOR
2 1 2226 2242 2661 AND
1 1 2661 2662 INV
2 1 2658 2660 2663 AND
1 1 2663 2664 INV
2 1 2662 2664 2665 AND
1 1 2665 2666 INV
2 1 2658 2660 2667 XOR
2 1 2251 2267 2668 XOR
2 1 2251 2267 2669 AND
1 1 2669 2670 INV
2 1 739 2668 2671 AND
1 1 2671 2672 INV
2 1 2670 2672 2673 AND
1 1 2673 2674 INV
2 1 739 2668 2675 XOR
2 1 2259 2275 2676 XOR
2 1 2259 2275 2677 AND
1 1 2677 2678 INV
2 1 2674 2676 2679 AND
1 1 2679 2680 INV
2 1 2678 2680 2681 AND
1 1 2681 2682 INV
2 1 2674 2676 2683 XOR
2 1 2258 2274 2684 XOR
2 1 2258 2274 2685 AND
1 1 2685 2686 INV
2 1 2682 2684 2687 AND
1 1 2687 2688 INV
2 1 2686 2688 2689 AND
1 1 2689 2690 INV
2 1 2682 2684 2691 XOR
2 1 2283 2299 2692 XOR
2 1 2283 2299 2693 AND
1 1 2693 2694 INV
2 1 739 2692 2695 AND
1 1 2695 2696 INV
2 1 2694 2696 2697 AND
1 1 2697 2698 INV
2 1 739 2692 2699 XOR
2 1 2291 2307 2700 XOR
2 1 2291 2307 2701 AND
1 1 2701 2702 INV
2 1 2698 2700 2703 AND
1 1 2703 2704 INV
2 1 2702 2704 2705 AND
1 1 2705 2706 INV
2 1 2698 2700 2707 XOR
2 1 2290 2306 2708 XOR
2 1 2290 2306 2709 AND
1 1 2709 2710 INV
2 1 2706 2708 2711 AND
1 1 2711 2712 INV
2 1 2710 2712 2713 AND
1 1 2713 2714 INV
2 1 2706 2708 2715 XOR
2 1 2315 2331 2716 XOR
2 1 2315 2331 2717 AND
1 1 2717 2718 INV
2 1 739 2716 2719 AND
1 1 2719 2720 INV
2 1 2718 2720 2721 AND
1 1 2721 2722 INV
2 1 739 2716 2723 XOR
2 1 2323 2339 2724 XOR
2 1 2323 2339 2725 AND
1 1 2725 2726 INV
2 1 2722 2724 2727 AND
1 1 2727 2728 INV
2 1 2726 2728 2729 AND
1 1 2729 2730 INV
2 1 2722 2724 2731 XOR
2 1 2322 2338 2732 XOR
2 1 2322 2338 2733 AND
1 1 2733 2734 INV
2 1 2730 2732 2735 AND
1 1 2735 2736 INV
2 1 2734 2736 2737 AND
1 1 2737 2738 INV
2 1 2730 2732 2739 XOR
2 1 2347 2363 2740 XOR
2 1 2347 2363 2741 AND
1 1 2741 2742 INV
2 1 739 2740 2743 AND
1 1 2743 2744 INV
2 1 2742 2744 2745 AND
1 1 2745 2746 INV
2 1 739 2740 2747 XOR
2 1 2355 2371 2748 XOR
2 1 2355 2371 2749 AND
1 1 2749 2750 INV
2 1 2746 2748 2751 AND
1 1 2751 2752 INV
2 1 2750 2752 2753 AND
1 1 2753 2754 INV
2 1 2746 2748 2755 XOR
2 1 2354 2370 2756 XOR
2 1 2354 2370 2757 AND
1 1 2757 2758 INV
2 1 2754 2756 2759 AND
1 1 2759 2760 INV
2 1 2758 2760 2761 AND
1 1 2761 2762 INV
2 1 2754 2756 2763 XOR
2 1 2379 2395 2764 XOR
2 1 2379 2395 2765 AND
1 1 2765 2766 INV
2 1 739 2764 2767 AND
1 1 2767 2768 INV
2 1 2766 2768 2769 AND
1 1 2769 2770 INV
2 1 739 2764 2771 XOR
2 1 2387 2403 2772 XOR
2 1 2387 2403 2773 AND
1 1 2773 2774 INV
2 1 2770 2772 2775 AND
1 1 2775 2776 INV
2 1 2774 2776 2777 AND
1 1 2777 2778 INV
2 1 2770 2772 2779 XOR
2 1 2386 2402 2780 XOR
2 1 2386 2402 2781 AND
1 1 2781 2782 INV
2 1 2778 2780 2783 AND
1 1 2783 2784 INV
2 1 2782 2784 2785 AND
1 1 2785 2786 INV
2 1 2778 2780 2787 XOR
2 1 2411 2435 2788 XOR
2 1 2411 2435 2789 AND
1 1 2789 2790 INV
2 1 739 2788 2791 AND
1 1 2791 2792 INV
2 1 2790 2792 2793 AND
1 1 2793 2794 INV
2 1 739 2788 2795 XOR
2 1 2419 2443 2796 XOR
2 1 2419 2443 2797 AND
1 1 2797 2798 INV
2 1 2794 2796 2799 AND
1 1 2799 2800 INV
2 1 2798 2800 2801 AND
1 1 2801 2802 INV
2 1 2794 2796 2803 XOR
2 1 2427 2451 2804 XOR
2 1 2427 2451 2805 AND
1 1 2805 2806 INV
2 1 2802 2804 2807 AND
1 1 2807 2808 INV
2 1 2806 2808 2809 AND
1 1 2809 2810 INV
2 1 2802 2804 2811 XOR
2 1 2426 2450 2812 XOR
2 1 2426 2450 2813 AND
1 1 2813 2814 INV
2 1 2810 2812 2815 AND
1 1 2815 2816 INV
2 1 2814 2816 2817 AND
1 1 2817 2818 INV
2 1 2810 2812 2819 XOR
2 1 2459 2483 2820 XOR
2 1 2459 2483 2821 AND
1 1 2821 2822 INV
2 1 739 2820 2823 AND
1 1 2823 2824 INV
2 1 2822 2824 2825 AND
1 1 2825 2826 INV
2 1 739 2820 2827 XOR
2 1 2467 2491 2828 XOR
2 1 2467 2491 2829 AND
1 1 2829 2830 INV
2 1 2826 2828 2831 AND
1 1 2831 2832 INV
2 1 2830 2832 2833 AND
1 1 2833 2834 INV
2 1 2826 2828 2835 XOR
2 1 2475 2499 2836 XOR
2 1 2475 2499 2837 AND
1 1 2837 2838 INV
2 1 2834 2836 2839 AND
1 1 2839 2840 INV
2 1 2838 2840 2841 AND
1 1 2841 2842 INV
2 1 2834 2836 2843 XOR
2 1 2474 2498 2844 XOR
2 1 2474 2498 2845 AND
1 1 2845 2846 INV
2 1 2842 2844 2847 AND
1 1 2847 2848 INV
2 1 2846 2848 2849 AND
1 1 2849 2850 INV
2 1 2842 2844 2851 XOR
2 1 2507 2531 2852 XOR
2 1 2507 2531 2853 AND
1 1 2853 2854 INV
2 1 739 2852 2855 AND
1 1 2855 2856 INV
2 1 2854 2856 2857 AND
1 1 2857 2858 INV
2 1 739 2852 2859 XOR
2 1 2515 2539 2860 XOR
2 1 2515 2539 2861 AND
1 1 2861 2862 INV
2 1 2858 2860 2863 AND
1 1 2863 2864 INV
2 1 2862 2864 2865 AND
1 1 2865 2866 INV
2 1 2858 2860 2867 XOR
2 1 2523 2547 2868 XOR
2 1 2523 2547 2869 AND
1 1 2869 2870 INV
2 1 2866 2868 2871 AND
1 1 2871 2872 INV
2 1 2870 2872 2873 AND
1 1 2873 2874 INV
2 1 2866 2868 2875 XOR
2 1 2522 2546 2876 XOR
2 1 2522 2546 2877 AND
1 1 2877 2878 INV
2 1 2874 2876 2879 AND
1 1 2879 2880 INV
2 1 2878 2880 2881 AND
1 1 2881 2882 INV
2 1 2874 2876 2883 XOR
2 1 2555 2579 2884 XOR
2 1 2555 2579 2885 AND
1 1 2885 2886 INV
2 1 739 2884 2887 AND
1 1 2887 2888 INV
2 1 2886 2888 2889 AND
1 1 2889 2890 INV
2 1 739 2884 2891 XOR
2 1 2563 2587 2892 XOR
2 1 2563 2587 2893 AND
1 1 2893 2894 INV
2 1 2890 2892 2895 AND
1 1 2895 2896 INV
2 1 2894 2896 2897 AND
1 1 2897 2898 INV
2 1 2890 2892 2899 XOR
2 1 2571 2595 2900 XOR
2 1 2571 2595 2901 AND
1 1 2901 2902 INV
2 1 2898 2900 2903 AND
1 1 2903 2904 INV
2 1 2902 2904 2905 AND
1 1 2905 2906 INV
2 1 2898 2900 2907 XOR
2 1 2570 2594 2908 XOR
2 1 2570 2594 2909 AND
1 1 2909 2910 INV
2 1 2906 2908 2911 AND
1 1 2911 2912 INV
2 1 2910 2912 2913 AND
1 1 2913 2914 INV
2 1 2906 2908 2915 XOR
2 1 2603 2627 2916 XOR
2 1 2603 2627 2917 AND
1 1 2917 2918 INV
2 1 739 2916 2919 AND
1 1 2919 2920 INV
2 1 2918 2920 2921 AND
1 1 2921 2922 INV
2 1 739 2916 2923 XOR
2 1 2611 2635 2924 XOR
2 1 2611 2635 2925 AND
1 1 2925 2926 INV
2 1 2922 2924 2927 AND
1 1 2927 2928 INV
2 1 2926 2928 2929 AND
1 1 2929 2930 INV
2 1 2922 2924 2931 XOR
2 1 2619 2643 2932 XOR
2 1 2619 2643 2933 AND
1 1 2933 2934 INV
2 1 2930 2932 2935 AND
1 1 2935 2936 INV
2 1 2934 2936 2937 AND
1 1 2937 2938 INV
2 1 2930 2932 2939 XOR
2 1 2618 2642 2940 XOR
2 1 2618 2642 2941 AND
1 1 2941 2942 INV
2 1 2938 2940 2943 AND
1 1 2943 2944 INV
2 1 2942 2944 2945 AND
1 1 2945 2946 INV
2 1 2938 2940 2947 XOR
2 1 2651 2675 2948 XOR
2 1 2651 2675 2949 AND
1 1 2949 2950 INV
2 1 739 2948 2951 AND
1 1 2951 2952 INV
2 1 2950 2952 2953 AND
1 1 2953 2954 INV
2 1 739 2948 2955 XOR
2 1 2659 2683 2956 XOR
2 1 2659 2683 2957 AND
1 1 2957 2958 INV
2 1 2954 2956 2959 AND
1 1 2959 2960 INV
2 1 2958 2960 2961 AND
1 1 2961 2962 INV
2 1 2954 2956 2963 XOR
2 1 2667 2691 2964 XOR
2 1 2667 2691 2965 AND
1 1 2965 2966 INV
2 1 2962 2964 2967 AND
1 1 2967 2968 INV
2 1 2966 2968 2969 AND
1 1 2969 2970 INV
2 1 2962 2964 2971 XOR
2 1 2666 2690 2972 XOR
2 1 2666 2690 2973 AND
1 1 2973 2974 INV
2 1 2970 2972 2975 AND
1 1 2975 2976 INV
2 1 2974 2976 2977 AND
1 1 2977 2978 INV
2 1 2970 2972 2979 XOR
2 1 2699 2723 2980 XOR
2 1 2699 2723 2981 AND
1 1 2981 2982 INV
2 1 739 2980 2983 AND
1 1 2983 2984 INV
2 1 2982 2984 2985 AND
1 1 2985 2986 INV
2 1 739 2980 2987 XOR
2 1 2707 2731 2988 XOR
2 1 2707 2731 2989 AND
1 1 2989 2990 INV
2 1 2986 2988 2991 AND
1 1 2991 2992 INV
2 1 2990 2992 2993 AND
1 1 2993 2994 INV
2 1 2986 2988 2995 XOR
2 1 2715 2739 2996 XOR
2 1 2715 2739 2997 AND
1 1 2997 2998 INV
2 1 2994 2996 2999 AND
1 1 2999 3000 INV
2 1 2998 3000 3001 AND
1 1 3001 3002 INV
2 1 2994 2996 3003 XOR
2 1 2714 2738 3004 XOR
2 1 2714 2738 3005 AND
1 1 3005 3006 INV
2 1 3002 3004 3007 AND
1 1 3007 3008 INV
2 1 3006 3008 3009 AND
1 1 3009 3010 INV
2 1 3002 3004 3011 XOR
2 1 2747 2771 3012 XOR
2 1 2747 2771 3013 AND
1 1 3013 3014 INV
2 1 739 3012 3015 AND
1 1 3015 3016 INV
2 1 3014 3016 3017 AND
1 1 3017 3018 INV
2 1 739 3012 3019 XOR
2 1 2755 2779 3020 XOR
2 1 2755 2779 3021 AND
1 1 3021 3022 INV
2 1 3018 3020 3023 AND
1 1 3023 3024 INV
2 1 3022 3024 3025 AND
1 1 3025 3026 INV
2 1 3018 3020 3027 XOR
2 1 2763 2787 3028 XOR
2 1 2763 2787 3029 AND
1 1 3029 3030 INV
2 1 3026 3028 3031 AND
1 1 3031 3032 INV
2 1 3030 3032 3033 AND
1 1 3033 3034 INV
2 1 3026 3028 3035 XOR
2 1 2762 2786 3036 XOR
2 1 2762 2786 3037 AND
1 1 3037 3038 INV
2 1 3034 3036 3039 AND
1 1 3039 3040 INV
2 1 3038 3040 3041 AND
1 1 3041 3042 INV
2 1 3034 3036 3043 XOR
2 1 2795 2827 3044 XOR
2 1 2795 2827 3045 AND
1 1 3045 3046 INV
2 1 739 3044 3047 AND
1 1 3047 3048 INV
2 1 3046 3048 3049 AND
1 1 3049 3050 INV
2 1 739 3044 3051 XOR
2 1 2803 2835 3052 XOR
2 1 2803 2835 3053 AND
1 1 3053 3054 INV
2 1 3050 3052 3055 AND
1 1 3055 3056 INV
2 1 3054 3056 3057 AND
1 1 3057 3058 INV
2 1 3050 3052 3059 XOR
2 1 2811 2843 3060 XOR
2 1 2811 2843 3061 AND
1 1 3061 3062 INV
2 1 3058 3060 3063 AND
1 1 3063 3064 INV
2 1 3062 3064 3065 AND
1 1 3065 3066 INV
2 1 3058 3060 3067 XOR
2 1 2819 2851 3068 XOR
2 1 2819 2851 3069 AND
1 1 3069 3070 INV
2 1 3066 3068 3071 AND
1 1 3071 3072 INV
2 1 3070 3072 3073 AND
1 1 3073 3074 INV
2 1 3066 3068 3075 XOR
2 1 2818 2850 3076 XOR
2 1 2818 2850 3077 AND
1 1 3077 3078 INV
2 1 3074 3076 3079 AND
1 1 3079 3080 INV
2 1 3078 3080 3081 AND
1 1 3081 3082 INV
2 1 3074 3076 3083 XOR
2 1 2859 2891 3084 XOR
2 1 2859 2891 3085 AND
1 1 3085 3086 INV
2 1 739 3084 3087 AND
1 1 3087 3088 INV
2 1 3086 3088 3089 AND
1 1 3089 3090 INV
2 1 739 3084 3091 XOR
2 1 2867 2899 3092 XOR
2 1 2867 2899 3093 AND
1 1 3093 3094 INV
2 1 3090 3092 3095 AND
1 1 3095 3096 INV
2 1 3094 3096 3097 AND
1 1 3097 3098 INV
2 1 3090 3092 3099 XOR
2 1 2875 2907 3100 XOR
2 1 2875 2907 3101 AND
1 1 3101 3102 INV
2 1 3098 3100 3103 AND
1 1 3103 3104 INV
2 1 3102 3104 3105 AND
1 1 3105 3106 INV
2 1 3098 3100 3107 XOR
2 1 2883 2915 3108 XOR
2 1 2883 2915 3109 AND
1 1 3109 3110 INV
2 1 3106 3108 3111 AND
1 1 3111 3112 INV
2 1 3110 3112 3113 AND
1 1 3113 3114 INV
2 1 3106 3108 3115 XOR
2 1 2882 2914 3116 XOR
2 1 2882 2914 3117 AND
1 1 3117 3118 INV
2 1 3114 3116 3119 AND
1 1 3119 3120 INV
2 1 3118 3120 3121 AND
1 1 3121 3122 INV
2 1 3114 3116 3123 XOR
2 1 2923 2955 3124 XOR
2 1 2923 2955 3125 AND
1 1 3125 3126 INV
2 1 739 3124 3127 AND
1 1 3127 3128 INV
2 1 3126 3128 3129 AND
1 1 3129 3130 INV
2 1 739 3124 3131 XOR
2 1 2931 2963 3132 XOR
2 1 2931 2963 3133 AND
1 1 3133 3134 INV
2 1 3130 3132 3135 AND
1 1 3135 3136 INV
2 1 3134 3136 3137 AND
1 1 3137 3138 INV
2 1 3130 3132 3139 XOR
2 1 2939 2971 3140 XOR
2 1 2939 2971 3141 AND
1 1 3141 3142 INV
2 1 3138 3140 3143 AND
1 1 3143 3144 INV
2 1 3142 3144 3145 AND
1 1 3145 3146 INV
2 1 3138 3140 3147 XOR
2 1 2947 2979 3148 XOR
2 1 2947 2979 3149 AND
1 1 3149 3150 INV
2 1 3146 3148 3151 AND
1 1 3151 3152 INV
2 1 3150 3152 3153 AND
1 1 3153 3154 INV
2 1 3146 3148 3155 XOR
2 1 2946 2978 3156 XOR
2 1 2946 2978 3157 AND
1 1 3157 3158 INV
2 1 3154 3156 3159 AND
1 1 3159 3160 INV
2 1 3158 3160 3161 AND
1 1 3161 3162 INV
2 1 3154 3156 3163 XOR
2 1 2987 3019 3164 XOR
2 1 2987 3019 3165 AND
1 1 3165 3166 INV
2 1 739 3164 3167 AND
1 1 3167 3168 INV
2 1 3166 3168 3169 AND
1 1 3169 3170 INV
2 1 739 3164 3171 XOR
2 1 2995 3027 3172 XOR
2 1 2995 3027 3173 AND
1 1 3173 3174 INV
2 1 3170 3172 3175 AND
1 1 3175 3176 INV
2 1 3174 3176 3177 AND
1 1 3177 3178 INV
2 1 3170 3172 3179 XOR
2 1 3003 3035 3180 XOR
2 1 3003 3035 3181 AND
1 1 3181 3182 INV
2 1 3178 3180 3183 AND
1 1 3183 3184 INV
2 1 3182 3184 3185 AND
1 1 3185 3186 INV
2 1 3178 3180 3187 XOR
2 1 3011 3043 3188 XOR
2 1 3011 3043 3189 AND
1 1 3189 3190 INV
2 1 3186 3188 3191 AND
1 1 3191 3192 INV
2 1 3190 3192 3193 AND
1 1 3193 3194 INV
2 1 3186 3188 3195 XOR
2 1 3010 3042 3196 XOR
2 1 3010 3042 3197 AND
1 1 3197 3198 INV
2 1 3194 3196 3199 AND
1 1 3199 3200 INV
2 1 3198 3200 3201 AND
1 1 3201 3202 INV
2 1 3194 3196 3203 XOR
2 1 3051 3091 3204 XOR
2 1 3051 3091 3205 AND
1 1 3205 3206 INV
2 1 739 3204 3207 AND
1 1 3207 3208 INV
2 1 3206 3208 3209 AND
1 1 3209 3210 INV
2 1 739 3204 3211 XOR
2 1 3059 3099 3212 XOR
2 1 3059 3099 3213 AND
1 1 3213 3214 INV
2 1 3210 3212 3215 AND
1 1 3215 3216 INV
2 1 3214 3216 3217 AND
1 1 3217 3218 INV
2 1 3210 3212 3219 XOR
2 1 3067 3107 3220 XOR
2 1 3067 3107 3221 AND
1 1 3221 3222 INV
2 1 3218 3220 3223 AND
1 1 3223 3224 INV
2 1 3222 3224 3225 AND
1 1 3225 3226 INV
2 1 3218 3220 3227 XOR
2 1 3075 3115 3228 XOR
2 1 3075 3115 3229 AND
1 1 3229 3230 INV
2 1 3226 3228 3231 AND
1 1 3231 3232 INV
2 1 3230 3232 3233 AND
1 1 3233 3234 INV
2 1 3226 3228 3235 XOR
2 1 3083 3123 3236 XOR
2 1 3083 3123 3237 AND
1 1 3237 3238 INV
2 1 3234 3236 3239 AND
1 1 3239 3240 INV
2 1 3238 3240 3241 AND
1 1 3241 3242 INV
2 1 3234 3236 3243 XOR
2 1 3082 3122 3244 XOR
2 1 3082 3122 3245 AND
1 1 3245 3246 INV
2 1 3242 3244 3247 AND
1 1 3247 3248 INV
2 1 3246 3248 3249 AND
1 1 3249 3250 INV
2 1 3242 3244 3251 XOR
2 1 3131 3171 3252 XOR
2 1 3131 3171 3253 AND
1 1 3253 3254 INV
2 1 739 3252 3255 AND
1 1 3255 3256 INV
2 1 3254 3256 3257 AND
1 1 3257 3258 INV
2 1 739 3252 3259 XOR
2 1 3139 3179 3260 XOR
2 1 3139 3179 3261 AND
1 1 3261 3262 INV
2 1 3258 3260 3263 AND
1 1 3263 3264 INV
2 1 3262 3264 3265 AND
1 1 3265 3266 INV
2 1 3258 3260 3267 XOR
2 1 3147 3187 3268 XOR
2 1 3147 3187 3269 AND
1 1 3269 3270 INV
2 1 3266 3268 3271 AND
1 1 3271 3272 INV
2 1 3270 3272 3273 AND
1 1 3273 3274 INV
2 1 3266 3268 3275 XOR
2 1 3155 3195 3276 XOR
2 1 3155 3195 3277 AND
1 1 3277 3278 INV
2 1 3274 3276 3279 AND
1 1 3279 3280 INV
2 1 3278 3280 3281 AND
1 1 3281 3282 INV
2 1 3274 3276 3283 XOR
2 1 3163 3203 3284 XOR
2 1 3163 3203 3285 AND
1 1 3285 3286 INV
2 1 3282 3284 3287 AND
1 1 3287 3288 INV
2 1 3286 3288 3289 AND
1 1 3289 3290 INV
2 1 3282 3284 3291 XOR
2 1 3162 3202 3292 XOR
2 1 3162 3202 3293 AND
1 1 3293 3294 INV
2 1 3290 3292 3295 AND
1 1 3295 3296 INV
2 1 3294 3296 3297 AND
1 1 3297 3298 INV
2 1 3290 3292 3299 XOR
2 1 3211 3259 3300 XOR
2 1 3211 3259 3301 AND
1 1 3301 3302 INV
2 1 739 3300 3303 AND
1 1 3303 3304 INV
2 1 3302 3304 3305 AND
1 1 3305 3306 INV
2 1 739 3300 3307 XOR
2 1 3219 3267 3308 XOR
2 1 3219 3267 3309 AND
1 1 3309 3310 INV
2 1 3306 3308 3311 AND
1 1 3311 3312 INV
2 1 3310 3312 3313 AND
1 1 3313 3314 INV
2 1 3306 3308 3315 XOR
2 1 3227 3275 3316 XOR
2 1 3227 3275 3317 AND
1 1 3317 3318 INV
2 1 3314 3316 3319 AND
1 1 3319 3320 INV
2 1 3318 3320 3321 AND
1 1 3321 3322 INV
2 1 3314 3316 3323 XOR
2 1 3235 3283 3324 XOR
2 1 3235 3283 3325 AND
1 1 3325 3326 INV
2 1 3322 3324 3327 AND
1 1 3327 3328 INV
2 1 3326 3328 3329 AND
1 1 3329 3330 INV
2 1 3322 3324 3331 XOR
2 1 3243 3291 3332 XOR
2 1 3243 3291 3333 AND
1 1 3333 3334 INV
2 1 3330 3332 3335 AND
1 1 3335 3336 INV
2 1 3334 3336 3337 AND
1 1 3337 3338 INV
2 1 3330 3332 3339 XOR
2 1 3251 3299 3340 XOR
2 1 3251 3299 3341 AND
1 1 3341 3342 INV
2 1 3338 3340 3343 AND
1 1 3343 3344 INV
2 1 3342 3344 3345 AND
1 1 3345 3346 INV
2 1 3338 3340 3347 XOR
2 1 3250 3298 3348 XOR
2 1 3250 3298 3349 AND
1 1 3349 3350 INV
2 1 3346 3348 3351 AND
1 1 3351 3352 INV
2 1 3350 3352 3353 AND
1 1 3353 3354 INV
2 1 3346 3348 3355 XOR
1 1 3354 3356 NOT
1 1 3355 3357 NOT
1 1 3347 3358 NOT
1 1 3339 3359 NOT
1 1 3331 3360 NOT
1 1 3323 3361 NOT
1 1 3315 3362 NOT
1 1 3307 3363 NOT
2 1 3356 3357 3364 AND
2 1 3358 3359 3365 AND
2 1 3360 3361 3366 AND
2 1 3362 3363 3367 AND
2 1 3364 3365 3368 AND
2 1 3366 3367 3369 AND
2 1 3368 3369 3370 AND
1 1 3370 3371 NOT
1 1 3371 3372 NOT